Time(s)	 epsilonInput_mod2
0.000000 0.000000
0.005000 -0.006259
0.010000 0.002654
0.015000 0.014288
0.020000 0.014312
0.025000 0.014348
0.030000 0.014395
0.035000 0.014455
0.040000 0.014526
0.045000 0.014608
0.050000 0.014703
0.055000 0.014809
0.060000 0.014926
0.065000 0.015054
0.070000 0.015194
0.075000 0.015344
0.080000 0.015506
0.085000 0.015678
0.090000 0.015860
0.095000 0.016052
0.100000 0.016254
0.105000 0.016466
0.110000 0.016688
0.115000 0.016918
0.120000 0.017157
0.125000 0.017405
0.130000 0.017661
0.135000 0.017925
0.140000 0.018197
0.145000 0.018475
0.150000 0.018761
0.155000 0.019053
0.160000 0.019352
0.165000 0.019655
0.170000 0.019965
0.175000 0.020279
0.180000 0.020597
0.185000 0.020920
0.190000 0.021246
0.195000 0.021575
0.200000 0.021908
0.205000 0.022242
0.210000 0.022579
0.215000 0.022916
0.220000 0.023256
0.225000 0.023595
0.230000 0.023935
0.235000 0.024274
0.240000 0.024613
0.245000 0.024952
0.250000 0.025288
0.255000 0.025623
0.260000 0.025955
0.265000 0.026286
0.270000 0.026613
0.275000 0.026937
0.280000 0.027258
0.285000 0.027574
0.290000 0.027887
0.295000 0.028195
0.300000 0.028498
0.305000 0.028797
0.310000 0.029090
0.315000 0.029378
0.320000 0.029661
0.325000 0.029937
0.330000 0.030208
0.335000 0.030472
0.340000 0.030730
0.345000 0.030982
0.350000 0.031227
0.355000 0.031465
0.360000 0.031696
0.365000 0.031921
0.370000 0.032138
0.375000 0.032348
0.380000 0.032551
0.385000 0.032747
0.390000 0.032935
0.395000 0.033116
0.400000 0.033290
0.405000 0.033456
0.410000 0.033615
0.415000 0.033766
0.420000 0.033910
0.425000 0.034046
0.430000 0.034174
0.435000 0.034295
0.440000 0.034409
0.445000 0.034515
0.450000 0.034613
0.455000 0.034704
0.460000 0.034787
0.465000 0.034863
0.470000 0.034931
0.475000 0.034991
0.480000 0.035044
0.485000 0.035090
0.490000 0.035128
0.495000 0.035158
0.500000 0.035181
0.505000 0.035196
0.510000 0.035204
0.515000 0.035204
0.520000 0.035197
0.525000 0.035182
0.530000 0.035160
0.535000 0.035130
0.540000 0.035093
0.545000 0.035048
0.550000 0.034996
0.555000 0.034936
0.560000 0.034869
0.565000 0.034794
0.570000 0.034712
0.575000 0.034623
0.580000 0.034525
0.585000 0.034421
0.590000 0.034309
0.595000 0.034189
0.600000 0.034063
0.605000 0.033929
0.610000 0.033787
0.615000 0.033638
0.620000 0.033482
0.625000 0.033319
0.630000 0.033149
0.635000 0.032971
0.640000 0.032786
0.645000 0.032595
0.650000 0.032396
0.655000 0.032191
0.660000 0.031979
0.665000 0.031761
0.670000 0.031536
0.675000 0.031304
0.680000 0.031067
0.685000 0.030823
0.690000 0.030574
0.695000 0.030318
0.700000 0.030058
0.705000 0.029792
0.710000 0.029521
0.715000 0.029245
0.720000 0.028964
0.725000 0.028679
0.730000 0.028390
0.735000 0.028097
0.740000 0.027800
0.745000 0.027500
0.750000 0.027198
0.755000 0.026892
0.760000 0.026585
0.765000 0.026275
0.770000 0.025964
0.775000 0.025652
0.780000 0.025338
0.785000 0.025025
0.790000 0.024711
0.795000 0.024398
0.800000 0.024085
0.805000 0.023774
0.810000 0.023464
0.815000 0.023156
0.820000 0.022850
0.825000 0.022547
0.830000 0.022248
0.835000 0.021951
0.840000 0.021659
0.845000 0.021371
0.850000 0.021087
0.855000 0.020809
0.860000 0.020536
0.865000 0.020269
0.870000 0.020007
0.875000 0.019752
0.880000 0.019505
0.885000 0.019263
0.890000 0.019030
0.895000 0.018804
0.900000 0.018585
0.905000 0.018375
0.910000 0.018174
0.915000 0.017981
0.920000 0.017797
0.925000 0.017621
0.930000 0.017455
0.935000 0.017299
0.940000 0.017152
0.945000 0.017014
0.950000 0.016886
0.955000 0.016769
0.960000 0.016661
0.965000 0.016564
0.970000 0.016477
0.975000 0.016400
0.980000 0.016333
0.985000 0.016277
0.990000 0.016232
0.995000 0.016197
1.000000 0.016172
1.005000 0.016158
1.010000 0.016155
1.015000 0.016162
1.020000 0.016180
1.025000 0.016209
1.030000 0.016248
1.035000 0.016297
1.040000 0.016357
1.045000 0.016428
1.050000 0.016508
1.055000 0.016599
1.060000 0.016701
1.065000 0.016812
1.070000 0.016933
1.075000 0.017064
1.080000 0.017206
1.085000 0.017356
1.090000 0.017516
1.095000 0.017686
1.100000 0.017864
1.105000 0.018052
1.110000 0.018248
1.115000 0.018453
1.120000 0.018666
1.125000 0.018887
1.130000 0.019116
1.135000 0.019353
1.140000 0.019597
1.145000 0.019847
1.150000 0.020105
1.155000 0.020369
1.160000 0.020638
1.165000 0.020914
1.170000 0.021195
1.175000 0.021480
1.180000 0.021771
1.185000 0.022065
1.190000 0.022364
1.195000 0.022665
1.200000 0.022970
1.205000 0.023278
1.210000 0.023588
1.215000 0.023899
1.220000 0.024213
1.225000 0.024527
1.230000 0.024842
1.235000 0.025157
1.240000 0.025472
1.245000 0.025787
1.250000 0.026101
1.255000 0.026413
1.260000 0.026725
1.265000 0.027034
1.270000 0.027341
1.275000 0.027645
1.280000 0.027946
1.285000 0.028244
1.290000 0.028539
1.295000 0.028830
1.300000 0.029116
1.305000 0.029399
1.310000 0.029676
1.315000 0.029949
1.320000 0.030217
1.325000 0.030480
1.330000 0.030737
1.335000 0.030988
1.340000 0.031234
1.345000 0.031473
1.350000 0.031707
1.355000 0.031934
1.360000 0.032155
1.365000 0.032369
1.370000 0.032577
1.375000 0.032778
1.380000 0.032972
1.385000 0.033159
1.390000 0.033340
1.395000 0.033513
1.400000 0.033679
1.405000 0.033839
1.410000 0.033991
1.415000 0.034135
1.420000 0.034273
1.425000 0.034403
1.430000 0.034526
1.435000 0.034642
1.440000 0.034751
1.445000 0.034852
1.450000 0.034946
1.455000 0.035032
1.460000 0.035111
1.465000 0.035183
1.470000 0.035247
1.475000 0.035305
1.480000 0.035354
1.485000 0.035397
1.490000 0.035432
1.495000 0.035459
1.500000 0.035480
1.505000 0.035493
1.510000 0.035498
1.515000 0.035496
1.520000 0.035487
1.525000 0.035471
1.530000 0.035447
1.535000 0.035416
1.540000 0.035378
1.545000 0.035332
1.550000 0.035279
1.555000 0.035219
1.560000 0.035151
1.565000 0.035076
1.570000 0.034993
1.575000 0.034904
1.580000 0.034807
1.585000 0.034703
1.590000 0.034591
1.595000 0.034473
1.600000 0.034347
1.605000 0.034214
1.610000 0.034074
1.615000 0.033926
1.620000 0.033772
1.625000 0.033611
1.630000 0.033442
1.635000 0.033267
1.640000 0.033085
1.645000 0.032897
1.650000 0.032701
1.655000 0.032499
1.660000 0.032291
1.665000 0.032076
1.670000 0.031855
1.675000 0.031628
1.680000 0.031395
1.685000 0.031157
1.690000 0.030912
1.695000 0.030662
1.700000 0.030407
1.705000 0.030147
1.710000 0.029882
1.715000 0.029613
1.720000 0.029339
1.725000 0.029061
1.730000 0.028779
1.735000 0.028493
1.740000 0.028205
1.745000 0.027913
1.750000 0.027619
1.755000 0.027322
1.760000 0.027023
1.765000 0.026723
1.770000 0.026421
1.775000 0.026119
1.780000 0.025816
1.785000 0.025512
1.790000 0.025209
1.795000 0.024906
1.800000 0.024605
1.805000 0.024304
1.810000 0.024005
1.815000 0.023708
1.820000 0.023414
1.825000 0.023123
1.830000 0.022834
1.835000 0.022550
1.840000 0.022269
1.845000 0.021992
1.850000 0.021721
1.855000 0.021454
1.860000 0.021192
1.865000 0.020937
1.870000 0.020687
1.875000 0.020443
1.880000 0.020206
1.885000 0.019976
1.890000 0.019753
1.895000 0.019538
1.900000 0.019330
1.905000 0.019130
1.910000 0.018938
1.915000 0.018754
1.920000 0.018579
1.925000 0.018412
1.930000 0.018254
1.935000 0.018105
1.940000 0.017965
1.945000 0.017834
1.950000 0.017713
1.955000 0.017601
1.960000 0.017498
1.965000 0.017406
1.970000 0.017323
1.975000 0.017249
1.980000 0.017186
1.985000 0.017132
1.990000 0.017088
1.995000 0.017054
2.000000 0.017030
2.005000 0.017016
2.010000 0.017012
2.015000 0.017017
2.020000 0.017033
2.025000 0.017059
2.030000 0.017094
2.035000 0.017140
2.040000 0.017196
2.045000 0.017261
2.050000 0.017336
2.055000 0.017421
2.060000 0.017515
2.065000 0.017619
2.070000 0.017733
2.075000 0.017856
2.080000 0.017988
2.085000 0.018130
2.090000 0.018280
2.095000 0.018440
2.100000 0.018608
2.105000 0.018785
2.110000 0.018970
2.115000 0.019163
2.120000 0.019365
2.125000 0.019574
2.130000 0.019791
2.135000 0.020016
2.140000 0.020247
2.145000 0.020485
2.150000 0.020730
2.155000 0.020982
2.160000 0.021239
2.165000 0.021501
2.170000 0.021769
2.175000 0.022042
2.180000 0.022320
2.185000 0.022602
2.190000 0.022888
2.195000 0.023177
2.200000 0.023470
2.205000 0.023765
2.210000 0.024063
2.215000 0.024363
2.220000 0.024665
2.225000 0.024967
2.230000 0.025271
2.235000 0.025575
2.240000 0.025880
2.245000 0.026184
2.250000 0.026488
2.255000 0.026790
2.260000 0.027092
2.265000 0.027391
2.270000 0.027689
2.275000 0.027984
2.280000 0.028277
2.285000 0.028566
2.290000 0.028853
2.295000 0.029136
2.300000 0.029415
2.305000 0.029690
2.310000 0.029960
2.315000 0.030226
2.320000 0.030488
2.325000 0.030744
2.330000 0.030995
2.335000 0.031241
2.340000 0.031481
2.345000 0.031715
2.350000 0.031943
2.355000 0.032165
2.360000 0.032382
2.365000 0.032591
2.370000 0.032795
2.375000 0.032992
2.380000 0.033182
2.385000 0.033366
2.390000 0.033542
2.395000 0.033713
2.400000 0.033876
2.405000 0.034032
2.410000 0.034181
2.415000 0.034323
2.420000 0.034458
2.425000 0.034586
2.430000 0.034706
2.435000 0.034820
2.440000 0.034926
2.445000 0.035026
2.450000 0.035118
2.455000 0.035202
2.460000 0.035280
2.465000 0.035350
2.470000 0.035413
2.475000 0.035469
2.480000 0.035517
2.485000 0.035558
2.490000 0.035593
2.495000 0.035619
2.500000 0.035639
2.505000 0.035651
2.510000 0.035656
2.515000 0.035653
2.520000 0.035644
2.525000 0.035627
2.530000 0.035603
2.535000 0.035571
2.540000 0.035533
2.545000 0.035487
2.550000 0.035434
2.555000 0.035374
2.560000 0.035306
2.565000 0.035231
2.570000 0.035149
2.575000 0.035060
2.580000 0.034964
2.585000 0.034860
2.590000 0.034749
2.595000 0.034632
2.600000 0.034507
2.605000 0.034375
2.610000 0.034236
2.615000 0.034090
2.620000 0.033937
2.625000 0.033777
2.630000 0.033610
2.635000 0.033437
2.640000 0.033257
2.645000 0.033070
2.650000 0.032877
2.655000 0.032677
2.660000 0.032471
2.665000 0.032259
2.670000 0.032041
2.675000 0.031816
2.680000 0.031587
2.685000 0.031351
2.690000 0.031110
2.695000 0.030863
2.700000 0.030612
2.705000 0.030356
2.710000 0.030095
2.715000 0.029830
2.720000 0.029560
2.725000 0.029286
2.730000 0.029009
2.735000 0.028729
2.740000 0.028445
2.745000 0.028158
2.750000 0.027870
2.755000 0.027579
2.760000 0.027286
2.765000 0.026991
2.770000 0.026695
2.775000 0.026399
2.780000 0.026102
2.785000 0.025805
2.790000 0.025509
2.795000 0.025213
2.800000 0.024918
2.805000 0.024624
2.810000 0.024332
2.815000 0.024043
2.820000 0.023755
2.825000 0.023471
2.830000 0.023190
2.835000 0.022913
2.840000 0.022639
2.845000 0.022370
2.850000 0.022106
2.855000 0.021847
2.860000 0.021593
2.865000 0.021344
2.870000 0.021102
2.875000 0.020865
2.880000 0.020636
2.885000 0.020412
2.890000 0.020196
2.895000 0.019987
2.900000 0.019786
2.905000 0.019592
2.910000 0.019407
2.915000 0.019229
2.920000 0.019059
2.925000 0.018898
2.930000 0.018746
2.935000 0.018602
2.940000 0.018467
2.945000 0.018340
2.950000 0.018223
2.955000 0.018115
2.960000 0.018016
2.965000 0.017926
2.970000 0.017846
2.975000 0.017775
2.980000 0.017714
2.985000 0.017662
2.990000 0.017619
2.995000 0.017586
3.000000 0.017563
3.005000 0.017549
3.010000 0.017544
3.015000 0.017550
3.020000 0.017564
3.025000 0.017589
3.030000 0.017623
3.035000 0.017666
3.040000 0.017719
3.045000 0.017781
3.050000 0.017853
3.055000 0.017934
3.060000 0.018025
3.065000 0.018125
3.070000 0.018234
3.075000 0.018352
3.080000 0.018479
3.085000 0.018615
3.090000 0.018760
3.095000 0.018913
3.100000 0.019076
3.105000 0.019246
3.110000 0.019425
3.115000 0.019611
3.120000 0.019806
3.125000 0.020008
3.130000 0.020218
3.135000 0.020435
3.140000 0.020659
3.145000 0.020889
3.150000 0.021127
3.155000 0.021370
3.160000 0.021619
3.165000 0.021874
3.170000 0.022135
3.175000 0.022400
3.180000 0.022670
3.185000 0.022944
3.190000 0.023222
3.195000 0.023504
3.200000 0.023789
3.205000 0.024077
3.210000 0.024367
3.215000 0.024660
3.220000 0.024955
3.225000 0.025250
3.230000 0.025547
3.235000 0.025845
3.240000 0.026142
3.245000 0.026440
3.250000 0.026737
3.255000 0.027034
3.260000 0.027329
3.265000 0.027623
3.270000 0.027915
3.275000 0.028204
3.280000 0.028492
3.285000 0.028776
3.290000 0.029058
3.295000 0.029336
3.300000 0.029610
3.305000 0.029880
3.310000 0.030147
3.315000 0.030408
3.320000 0.030666
3.325000 0.030918
3.330000 0.031165
3.335000 0.031407
3.340000 0.031644
3.345000 0.031875
3.350000 0.032100
3.355000 0.032319
3.360000 0.032533
3.365000 0.032740
3.370000 0.032941
3.375000 0.033135
3.380000 0.033323
3.385000 0.033504
3.390000 0.033679
3.395000 0.033847
3.400000 0.034008
3.405000 0.034162
3.410000 0.034310
3.415000 0.034450
3.420000 0.034584
3.425000 0.034710
3.430000 0.034829
3.435000 0.034942
3.440000 0.035047
3.445000 0.035145
3.450000 0.035236
3.455000 0.035320
3.460000 0.035396
3.465000 0.035466
3.470000 0.035528
3.475000 0.035583
3.480000 0.035631
3.485000 0.035672
3.490000 0.035705
3.495000 0.035731
3.500000 0.035750
3.505000 0.035762
3.510000 0.035767
3.515000 0.035764
3.520000 0.035754
3.525000 0.035738
3.530000 0.035713
3.535000 0.035682
3.540000 0.035643
3.545000 0.035598
3.550000 0.035545
3.555000 0.035485
3.560000 0.035417
3.565000 0.035343
3.570000 0.035261
3.575000 0.035173
3.580000 0.035077
3.585000 0.034974
3.590000 0.034864
3.595000 0.034747
3.600000 0.034623
3.605000 0.034492
3.610000 0.034354
3.615000 0.034209
3.620000 0.034057
3.625000 0.033899
3.630000 0.033733
3.635000 0.033561
3.640000 0.033383
3.645000 0.033198
3.650000 0.033006
3.655000 0.032808
3.660000 0.032604
3.665000 0.032394
3.670000 0.032178
3.675000 0.031956
3.680000 0.031729
3.685000 0.031496
3.690000 0.031257
3.695000 0.031014
3.700000 0.030765
3.705000 0.030512
3.710000 0.030254
3.715000 0.029992
3.720000 0.029726
3.725000 0.029456
3.730000 0.029182
3.735000 0.028906
3.740000 0.028626
3.745000 0.028343
3.750000 0.028059
3.755000 0.027772
3.760000 0.027483
3.765000 0.027193
3.770000 0.026903
3.775000 0.026611
3.780000 0.026319
3.785000 0.026027
3.790000 0.025736
3.795000 0.025445
3.800000 0.025155
3.805000 0.024867
3.810000 0.024581
3.815000 0.024297
3.820000 0.024015
3.825000 0.023737
3.830000 0.023461
3.835000 0.023190
3.840000 0.022922
3.845000 0.022659
3.850000 0.022400
3.855000 0.022147
3.860000 0.021898
3.865000 0.021656
3.870000 0.021419
3.875000 0.021188
3.880000 0.020964
3.885000 0.020746
3.890000 0.020536
3.895000 0.020332
3.900000 0.020136
3.905000 0.019947
3.910000 0.019766
3.915000 0.019593
3.920000 0.019429
3.925000 0.019272
3.930000 0.019123
3.935000 0.018984
3.940000 0.018852
3.945000 0.018730
3.950000 0.018616
3.955000 0.018511
3.960000 0.018415
3.965000 0.018328
3.970000 0.018250
3.975000 0.018181
3.980000 0.018121
3.985000 0.018070
3.990000 0.018029
3.995000 0.017997
4.000000 0.017974
4.005000 0.017960
4.010000 0.017956
4.015000 0.017961
4.020000 0.017975
4.025000 0.017998
4.030000 0.018031
4.035000 0.018073
4.040000 0.018124
4.045000 0.018184
4.050000 0.018254
4.055000 0.018333
4.060000 0.018420
4.065000 0.018517
4.070000 0.018622
4.075000 0.018737
4.080000 0.018860
4.085000 0.018992
4.090000 0.019133
4.095000 0.019282
4.100000 0.019439
4.105000 0.019605
4.110000 0.019778
4.115000 0.019960
4.120000 0.020149
4.125000 0.020346
4.130000 0.020550
4.135000 0.020761
4.140000 0.020980
4.145000 0.021204
4.150000 0.021436
4.155000 0.021673
4.160000 0.021917
4.165000 0.022166
4.170000 0.022420
4.175000 0.022679
4.180000 0.022943
4.185000 0.023211
4.190000 0.023484
4.195000 0.023760
4.200000 0.024039
4.205000 0.024321
4.210000 0.024606
4.215000 0.024893
4.220000 0.025182
4.225000 0.025472
4.230000 0.025764
4.235000 0.026056
4.240000 0.026349
4.245000 0.026642
4.250000 0.026934
4.255000 0.027225
4.260000 0.027516
4.265000 0.027805
4.270000 0.028093
4.275000 0.028378
4.280000 0.028662
4.285000 0.028942
4.290000 0.029220
4.295000 0.029494
4.300000 0.029764
4.305000 0.030032
4.310000 0.030294
4.315000 0.030553
4.320000 0.030807
4.325000 0.031056
4.330000 0.031301
4.335000 0.031540
4.340000 0.031774
4.345000 0.032003
4.350000 0.032225
4.355000 0.032442
4.360000 0.032653
4.365000 0.032858
4.370000 0.033057
4.375000 0.033250
4.380000 0.033436
4.385000 0.033616
4.390000 0.033789
4.395000 0.033955
4.400000 0.034115
4.405000 0.034268
4.410000 0.034414
4.415000 0.034553
4.420000 0.034685
4.425000 0.034811
4.430000 0.034929
4.435000 0.035040
4.440000 0.035145
4.445000 0.035242
4.450000 0.035332
4.455000 0.035415
4.460000 0.035491
4.465000 0.035560
4.470000 0.035622
4.475000 0.035676
4.480000 0.035724
4.485000 0.035764
4.490000 0.035797
4.495000 0.035823
4.500000 0.035842
4.505000 0.035854
4.510000 0.035858
4.515000 0.035855
4.520000 0.035846
4.525000 0.035829
4.530000 0.035805
4.535000 0.035773
4.540000 0.035735
4.545000 0.035689
4.550000 0.035637
4.555000 0.035577
4.560000 0.035510
4.565000 0.035436
4.570000 0.035355
4.575000 0.035266
4.580000 0.035171
4.585000 0.035069
4.590000 0.034959
4.595000 0.034843
4.600000 0.034720
4.605000 0.034590
4.610000 0.034453
4.615000 0.034309
4.620000 0.034158
4.625000 0.034001
4.630000 0.033836
4.635000 0.033666
4.640000 0.033488
4.645000 0.033305
4.650000 0.033115
4.655000 0.032919
4.660000 0.032716
4.665000 0.032508
4.670000 0.032294
4.675000 0.032074
4.680000 0.031848
4.685000 0.031618
4.690000 0.031381
4.695000 0.031140
4.700000 0.030894
4.705000 0.030643
4.710000 0.030388
4.715000 0.030129
4.720000 0.029866
4.725000 0.029599
4.730000 0.029329
4.735000 0.029055
4.740000 0.028779
4.745000 0.028500
4.750000 0.028219
4.755000 0.027936
4.760000 0.027651
4.765000 0.027365
4.770000 0.027078
4.775000 0.026791
4.780000 0.026503
4.785000 0.026215
4.790000 0.025928
4.795000 0.025642
4.800000 0.025357
4.805000 0.025073
4.810000 0.024791
4.815000 0.024512
4.820000 0.024235
4.825000 0.023962
4.830000 0.023691
4.835000 0.023425
4.840000 0.023162
4.845000 0.022904
4.850000 0.022650
4.855000 0.022402
4.860000 0.022158
4.865000 0.021920
4.870000 0.021689
4.875000 0.021463
4.880000 0.021243
4.885000 0.021030
4.890000 0.020824
4.895000 0.020625
4.900000 0.020434
4.905000 0.020249
4.910000 0.020073
4.915000 0.019904
4.920000 0.019743
4.925000 0.019590
4.930000 0.019445
4.935000 0.019309
4.940000 0.019181
4.945000 0.019061
4.950000 0.018950
4.955000 0.018848
4.960000 0.018754
4.965000 0.018670
4.970000 0.018594
4.975000 0.018526
4.980000 0.018468
4.985000 0.018419
4.990000 0.018379
4.995000 0.018347
5.000000 0.018325
5.005000 0.018312
5.010000 0.018307
5.015000 0.018312
5.020000 0.018326
5.025000 0.018348
5.030000 0.018380
5.035000 0.018421
5.040000 0.018470
5.045000 0.018529
5.050000 0.018596
5.055000 0.018673
5.060000 0.018758
5.065000 0.018852
5.070000 0.018955
5.075000 0.019066
5.080000 0.019186
5.085000 0.019315
5.090000 0.019451
5.095000 0.019597
5.100000 0.019750
5.105000 0.019911
5.110000 0.020081
5.115000 0.020258
5.120000 0.020443
5.125000 0.020635
5.130000 0.020835
5.135000 0.021041
5.140000 0.021254
5.145000 0.021474
5.150000 0.021701
5.155000 0.021933
5.160000 0.022172
5.165000 0.022416
5.170000 0.022665
5.175000 0.022919
5.180000 0.023178
5.185000 0.023441
5.190000 0.023708
5.195000 0.023980
5.200000 0.024254
5.205000 0.024531
5.210000 0.024811
5.215000 0.025093
5.220000 0.025378
5.225000 0.025663
5.230000 0.025950
5.235000 0.026238
5.240000 0.026526
5.245000 0.026815
5.250000 0.027103
5.255000 0.027391
5.260000 0.027677
5.265000 0.027963
5.270000 0.028247
5.275000 0.028528
5.280000 0.028808
5.285000 0.029085
5.290000 0.029359
5.295000 0.029630
5.300000 0.029898
5.305000 0.030162
5.310000 0.030422
5.315000 0.030678
5.320000 0.030929
5.325000 0.031176
5.330000 0.031418
5.335000 0.031655
5.340000 0.031887
5.345000 0.032113
5.350000 0.032334
5.355000 0.032549
5.360000 0.032758
5.365000 0.032961
5.370000 0.033158
5.375000 0.033349
5.380000 0.033534
5.385000 0.033712
5.390000 0.033884
5.395000 0.034049
5.400000 0.034207
5.405000 0.034359
5.410000 0.034504
5.415000 0.034642
5.420000 0.034774
5.425000 0.034898
5.430000 0.035016
5.435000 0.035126
5.440000 0.035230
5.445000 0.035327
5.450000 0.035416
5.455000 0.035499
5.460000 0.035574
5.465000 0.035642
5.470000 0.035704
5.475000 0.035758
5.480000 0.035805
5.485000 0.035845
5.490000 0.035878
5.495000 0.035903
5.500000 0.035922
5.505000 0.035934
5.510000 0.035938
5.515000 0.035935
5.520000 0.035925
5.525000 0.035908
5.530000 0.035884
5.535000 0.035853
5.540000 0.035815
5.545000 0.035770
5.550000 0.035717
5.555000 0.035657
5.560000 0.035591
5.565000 0.035517
5.570000 0.035436
5.575000 0.035349
5.580000 0.035254
5.585000 0.035152
5.590000 0.035043
5.595000 0.034928
5.600000 0.034805
5.605000 0.034676
5.610000 0.034539
5.615000 0.034396
5.620000 0.034247
5.625000 0.034090
5.630000 0.033927
5.635000 0.033757
5.640000 0.033581
5.645000 0.033399
5.650000 0.033210
5.655000 0.033016
5.660000 0.032815
5.665000 0.032608
5.670000 0.032396
5.675000 0.032177
5.680000 0.031954
5.685000 0.031725
5.690000 0.031491
5.695000 0.031252
5.700000 0.031008
5.705000 0.030760
5.710000 0.030507
5.715000 0.030250
5.720000 0.029989
5.725000 0.029725
5.730000 0.029458
5.735000 0.029187
5.740000 0.028914
5.745000 0.028638
5.750000 0.028360
5.755000 0.028080
5.760000 0.027799
5.765000 0.027516
5.770000 0.027233
5.775000 0.026949
5.780000 0.026665
5.785000 0.026381
5.790000 0.026098
5.795000 0.025816
5.800000 0.025535
5.805000 0.025255
5.810000 0.024978
5.815000 0.024703
5.820000 0.024430
5.825000 0.024161
5.830000 0.023895
5.835000 0.023633
5.840000 0.023374
5.845000 0.023121
5.850000 0.022871
5.855000 0.022627
5.860000 0.022388
5.865000 0.022155
5.870000 0.021927
5.875000 0.021706
5.880000 0.021491
5.885000 0.021282
5.890000 0.021080
5.895000 0.020885
5.900000 0.020697
5.905000 0.020517
5.910000 0.020344
5.915000 0.020179
5.920000 0.020022
5.925000 0.019872
5.930000 0.019730
5.935000 0.019597
5.940000 0.019472
5.945000 0.019355
5.950000 0.019247
5.955000 0.019147
5.960000 0.019055
5.965000 0.018973
5.970000 0.018899
5.975000 0.018833
5.980000 0.018776
5.985000 0.018728
5.990000 0.018689
5.995000 0.018658
6.000000 0.018636
6.005000 0.018623
6.010000 0.018619
6.015000 0.018623
6.020000 0.018637
6.025000 0.018659
6.030000 0.018689
6.035000 0.018729
6.040000 0.018777
6.045000 0.018834
6.050000 0.018900
6.055000 0.018975
6.060000 0.019058
6.065000 0.019149
6.070000 0.019249
6.075000 0.019358
6.080000 0.019475
6.085000 0.019601
6.090000 0.019734
6.095000 0.019876
6.100000 0.020026
6.105000 0.020184
6.110000 0.020349
6.115000 0.020523
6.120000 0.020703
6.125000 0.020892
6.130000 0.021087
6.135000 0.021289
6.140000 0.021498
6.145000 0.021714
6.150000 0.021936
6.155000 0.022164
6.160000 0.022398
6.165000 0.022638
6.170000 0.022882
6.175000 0.023132
6.180000 0.023386
6.185000 0.023645
6.190000 0.023908
6.195000 0.024175
6.200000 0.024445
6.205000 0.024718
6.210000 0.024993
6.215000 0.025271
6.220000 0.025551
6.225000 0.025833
6.230000 0.026116
6.235000 0.026400
6.240000 0.026684
6.245000 0.026969
6.250000 0.027253
6.255000 0.027537
6.260000 0.027821
6.265000 0.028103
6.270000 0.028383
6.275000 0.028662
6.280000 0.028938
6.285000 0.029212
6.290000 0.029483
6.295000 0.029752
6.300000 0.030016
6.305000 0.030278
6.310000 0.030535
6.315000 0.030789
6.320000 0.031038
6.325000 0.031282
6.330000 0.031522
6.335000 0.031757
6.340000 0.031987
6.345000 0.032211
6.350000 0.032430
6.355000 0.032644
6.360000 0.032851
6.365000 0.033053
6.370000 0.033248
6.375000 0.033438
6.380000 0.033621
6.385000 0.033798
6.390000 0.033969
6.395000 0.034133
6.400000 0.034290
6.405000 0.034441
6.410000 0.034585
6.415000 0.034722
6.420000 0.034853
6.425000 0.034976
6.430000 0.035093
6.435000 0.035203
6.440000 0.035306
6.445000 0.035402
6.450000 0.035491
6.455000 0.035573
6.460000 0.035648
6.465000 0.035716
6.470000 0.035777
6.475000 0.035831
6.480000 0.035877
6.485000 0.035917
6.490000 0.035950
6.495000 0.035975
6.500000 0.035994
6.505000 0.036005
6.510000 0.036009
6.515000 0.036006
6.520000 0.035997
6.525000 0.035980
6.530000 0.035956
6.535000 0.035925
6.540000 0.035886
6.545000 0.035841
6.550000 0.035789
6.555000 0.035730
6.560000 0.035663
6.565000 0.035590
6.570000 0.035510
6.575000 0.035422
6.580000 0.035328
6.585000 0.035227
6.590000 0.035118
6.595000 0.035003
6.600000 0.034881
6.605000 0.034753
6.610000 0.034617
6.615000 0.034475
6.620000 0.034326
6.625000 0.034170
6.630000 0.034008
6.635000 0.033840
6.640000 0.033665
6.645000 0.033484
6.650000 0.033296
6.655000 0.033103
6.660000 0.032903
6.665000 0.032698
6.670000 0.032487
6.675000 0.032270
6.680000 0.032049
6.685000 0.031821
6.690000 0.031589
6.695000 0.031352
6.700000 0.031110
6.705000 0.030864
6.710000 0.030613
6.715000 0.030359
6.720000 0.030100
6.725000 0.029839
6.730000 0.029574
6.735000 0.029306
6.740000 0.029035
6.745000 0.028762
6.750000 0.028487
6.755000 0.028210
6.760000 0.027932
6.765000 0.027652
6.770000 0.027372
6.775000 0.027092
6.780000 0.026811
6.785000 0.026531
6.790000 0.026251
6.795000 0.025972
6.800000 0.025695
6.805000 0.025419
6.810000 0.025145
6.815000 0.024874
6.820000 0.024605
6.825000 0.024340
6.830000 0.024078
6.835000 0.023819
6.840000 0.023565
6.845000 0.023315
6.850000 0.023070
6.855000 0.022830
6.860000 0.022595
6.865000 0.022366
6.870000 0.022142
6.875000 0.021924
6.880000 0.021713
6.885000 0.021508
6.890000 0.021310
6.895000 0.021119
6.900000 0.020934
6.905000 0.020757
6.910000 0.020588
6.915000 0.020426
6.920000 0.020272
6.925000 0.020125
6.930000 0.019987
6.935000 0.019856
6.940000 0.019734
6.945000 0.019619
6.950000 0.019513
6.955000 0.019416
6.960000 0.019326
6.965000 0.019245
6.970000 0.019173
6.975000 0.019108
6.980000 0.019053
6.985000 0.019006
6.990000 0.018967
6.995000 0.018937
7.000000 0.018916
7.005000 0.018903
7.010000 0.018899
7.015000 0.018903
7.020000 0.018916
7.025000 0.018938
7.030000 0.018968
7.035000 0.019006
7.040000 0.019053
7.045000 0.019109
7.050000 0.019173
7.055000 0.019246
7.060000 0.019327
7.065000 0.019417
7.070000 0.019515
7.075000 0.019621
7.080000 0.019735
7.085000 0.019858
7.090000 0.019989
7.095000 0.020128
7.100000 0.020274
7.105000 0.020429
7.110000 0.020591
7.115000 0.020761
7.120000 0.020938
7.125000 0.021123
7.130000 0.021314
7.135000 0.021513
7.140000 0.021718
7.145000 0.021930
7.150000 0.022148
7.155000 0.022372
7.160000 0.022602
7.165000 0.022837
7.170000 0.023078
7.175000 0.023324
7.180000 0.023574
7.185000 0.023829
7.190000 0.024088
7.195000 0.024350
7.200000 0.024616
7.205000 0.024885
7.210000 0.025157
7.215000 0.025431
7.220000 0.025708
7.225000 0.025986
7.230000 0.026265
7.235000 0.026545
7.240000 0.026826
7.245000 0.027108
7.250000 0.027389
7.255000 0.027669
7.260000 0.027950
7.265000 0.028229
7.270000 0.028506
7.275000 0.028782
7.280000 0.029055
7.285000 0.029327
7.290000 0.029595
7.295000 0.029861
7.300000 0.030123
7.305000 0.030382
7.310000 0.030638
7.315000 0.030889
7.320000 0.031136
7.325000 0.031378
7.330000 0.031616
7.335000 0.031849
7.340000 0.032077
7.345000 0.032300
7.350000 0.032517
7.355000 0.032729
7.360000 0.032935
7.365000 0.033135
7.370000 0.033330
7.375000 0.033518
7.380000 0.033700
7.385000 0.033876
7.390000 0.034045
7.395000 0.034208
7.400000 0.034365
7.405000 0.034514
7.410000 0.034658
7.415000 0.034794
7.420000 0.034924
7.425000 0.035047
7.430000 0.035163
7.435000 0.035272
7.440000 0.035374
7.445000 0.035470
7.450000 0.035558
7.455000 0.035640
7.460000 0.035715
7.465000 0.035782
7.470000 0.035843
7.475000 0.035896
7.480000 0.035943
7.485000 0.035982
7.490000 0.036015
7.495000 0.036040
7.500000 0.036058
7.505000 0.036069
7.510000 0.036074
7.515000 0.036071
7.520000 0.036061
7.525000 0.036044
7.530000 0.036020
7.535000 0.035989
7.540000 0.035951
7.545000 0.035906
7.550000 0.035854
7.555000 0.035795
7.560000 0.035729
7.565000 0.035656
7.570000 0.035576
7.575000 0.035489
7.580000 0.035395
7.585000 0.035294
7.590000 0.035186
7.595000 0.035072
7.600000 0.034950
7.605000 0.034822
7.610000 0.034687
7.615000 0.034546
7.620000 0.034398
7.625000 0.034243
7.630000 0.034082
7.635000 0.033914
7.640000 0.033740
7.645000 0.033560
7.650000 0.033374
7.655000 0.033181
7.660000 0.032983
7.665000 0.032779
7.670000 0.032570
7.675000 0.032354
7.680000 0.032134
7.685000 0.031908
7.690000 0.031678
7.695000 0.031442
7.700000 0.031202
7.705000 0.030958
7.710000 0.030709
7.715000 0.030457
7.720000 0.030201
7.725000 0.029941
7.730000 0.029678
7.735000 0.029413
7.740000 0.029145
7.745000 0.028874
7.750000 0.028602
7.755000 0.028327
7.760000 0.028052
7.765000 0.027775
7.770000 0.027498
7.775000 0.027220
7.780000 0.026943
7.785000 0.026665
7.790000 0.026389
7.795000 0.026113
7.800000 0.025839
7.805000 0.025567
7.810000 0.025297
7.815000 0.025029
7.820000 0.024764
7.825000 0.024502
7.830000 0.024243
7.835000 0.023988
7.840000 0.023738
7.845000 0.023491
7.850000 0.023250
7.855000 0.023013
7.860000 0.022782
7.865000 0.022556
7.870000 0.022336
7.875000 0.022122
7.880000 0.021914
7.885000 0.021713
7.890000 0.021518
7.895000 0.021330
7.900000 0.021149
7.905000 0.020975
7.910000 0.020809
7.915000 0.020650
7.920000 0.020498
7.925000 0.020355
7.930000 0.020219
7.935000 0.020091
7.940000 0.019971
7.945000 0.019858
7.950000 0.019754
7.955000 0.019659
7.960000 0.019571
7.965000 0.019492
7.970000 0.019421
7.975000 0.019358
7.980000 0.019303
7.985000 0.019257
7.990000 0.019219
7.995000 0.019190
8.000000 0.019169
8.005000 0.019157
8.010000 0.019152
8.015000 0.019156
8.020000 0.019169
8.025000 0.019190
8.030000 0.019219
8.035000 0.019257
8.040000 0.019303
8.045000 0.019358
8.050000 0.019420
8.055000 0.019491
8.060000 0.019571
8.065000 0.019659
8.070000 0.019754
8.075000 0.019858
8.080000 0.019971
8.085000 0.020091
8.090000 0.020219
8.095000 0.020355
8.100000 0.020499
8.105000 0.020651
8.110000 0.020810
8.115000 0.020976
8.120000 0.021150
8.125000 0.021331
8.130000 0.021520
8.135000 0.021715
8.140000 0.021917
8.145000 0.022125
8.150000 0.022339
8.155000 0.022560
8.160000 0.022786
8.165000 0.023018
8.170000 0.023255
8.175000 0.023497
8.180000 0.023744
8.185000 0.023995
8.190000 0.024250
8.195000 0.024509
8.200000 0.024772
8.205000 0.025037
8.210000 0.025305
8.215000 0.025576
8.220000 0.025849
8.225000 0.026124
8.230000 0.026400
8.235000 0.026677
8.240000 0.026955
8.245000 0.027233
8.250000 0.027511
8.255000 0.027789
8.260000 0.028066
8.265000 0.028343
8.270000 0.028617
8.275000 0.028890
8.280000 0.029162
8.285000 0.029430
8.290000 0.029697
8.295000 0.029960
8.300000 0.030220
8.305000 0.030477
8.310000 0.030730
8.315000 0.030979
8.320000 0.031224
8.325000 0.031465
8.330000 0.031701
8.335000 0.031933
8.340000 0.032159
8.345000 0.032380
8.350000 0.032596
8.355000 0.032806
8.360000 0.033011
8.365000 0.033210
8.370000 0.033403
8.375000 0.033590
8.380000 0.033771
8.385000 0.033946
8.390000 0.034114
8.395000 0.034276
8.400000 0.034432
8.405000 0.034581
8.410000 0.034723
8.415000 0.034859
8.420000 0.034988
8.425000 0.035111
8.430000 0.035226
8.435000 0.035335
8.440000 0.035437
8.445000 0.035532
8.450000 0.035620
8.455000 0.035701
8.460000 0.035775
8.465000 0.035842
8.470000 0.035902
8.475000 0.035956
8.480000 0.036002
8.485000 0.036041
8.490000 0.036073
8.495000 0.036099
8.500000 0.036117
8.505000 0.036128
8.510000 0.036132
8.515000 0.036129
8.520000 0.036119
8.525000 0.036102
8.530000 0.036079
8.535000 0.036048
8.540000 0.036010
8.545000 0.035965
8.550000 0.035913
8.555000 0.035854
8.560000 0.035788
8.565000 0.035715
8.570000 0.035636
8.575000 0.035549
8.580000 0.035455
8.585000 0.035355
8.590000 0.035248
8.595000 0.035134
8.600000 0.035013
8.605000 0.034885
8.610000 0.034751
8.615000 0.034610
8.620000 0.034463
8.625000 0.034309
8.630000 0.034148
8.635000 0.033982
8.640000 0.033809
8.645000 0.033629
8.650000 0.033444
8.655000 0.033253
8.660000 0.033056
8.665000 0.032853
8.670000 0.032644
8.675000 0.032431
8.680000 0.032212
8.685000 0.031987
8.690000 0.031758
8.695000 0.031524
8.700000 0.031286
8.705000 0.031043
8.710000 0.030797
8.715000 0.030546
8.720000 0.030292
8.725000 0.030034
8.730000 0.029773
8.735000 0.029510
8.740000 0.029244
8.745000 0.028976
8.750000 0.028706
8.755000 0.028434
8.760000 0.028161
8.765000 0.027887
8.770000 0.027612
8.775000 0.027337
8.780000 0.027062
8.785000 0.026788
8.790000 0.026514
8.795000 0.026242
8.800000 0.025971
8.805000 0.025701
8.810000 0.025434
8.815000 0.025169
8.820000 0.024907
8.825000 0.024649
8.830000 0.024393
8.835000 0.024142
8.840000 0.023894
8.845000 0.023651
8.850000 0.023413
8.855000 0.023180
8.860000 0.022952
8.865000 0.022729
8.870000 0.022512
8.875000 0.022301
8.880000 0.022096
8.885000 0.021898
8.890000 0.021706
8.895000 0.021521
8.900000 0.021343
8.905000 0.021172
8.910000 0.021009
8.915000 0.020853
8.920000 0.020704
8.925000 0.020563
8.930000 0.020429
8.935000 0.020303
8.940000 0.020185
8.945000 0.020075
8.950000 0.019973
8.955000 0.019879
8.960000 0.019793
8.965000 0.019715
8.970000 0.019646
8.975000 0.019584
8.980000 0.019531
8.985000 0.019486
8.990000 0.019448
8.995000 0.019420
9.000000 0.019399
9.005000 0.019387
9.010000 0.019382
9.015000 0.019386
9.020000 0.019399
9.025000 0.019419
9.030000 0.019448
9.035000 0.019485
9.040000 0.019530
9.045000 0.019583
9.050000 0.019645
9.055000 0.019714
9.060000 0.019792
9.065000 0.019878
9.070000 0.019972
9.075000 0.020074
9.080000 0.020184
9.085000 0.020302
9.090000 0.020428
9.095000 0.020562
9.100000 0.020703
9.105000 0.020852
9.110000 0.021008
9.115000 0.021172
9.120000 0.021343
9.125000 0.021521
9.130000 0.021707
9.135000 0.021898
9.140000 0.022097
9.145000 0.022302
9.150000 0.022513
9.155000 0.022730
9.160000 0.022953
9.165000 0.023182
9.170000 0.023416
9.175000 0.023654
9.180000 0.023898
9.185000 0.024146
9.190000 0.024398
9.195000 0.024653
9.200000 0.024913
9.205000 0.025175
9.210000 0.025440
9.215000 0.025708
9.220000 0.025978
9.225000 0.026250
9.230000 0.026523
9.235000 0.026797
9.240000 0.027072
9.245000 0.027347
9.250000 0.027623
9.255000 0.027898
9.260000 0.028172
9.265000 0.028446
9.270000 0.028718
9.275000 0.028989
9.280000 0.029258
9.285000 0.029525
9.290000 0.029789
9.295000 0.030050
9.300000 0.030308
9.305000 0.030563
9.310000 0.030814
9.315000 0.031062
9.320000 0.031305
9.325000 0.031544
9.330000 0.031779
9.335000 0.032008
9.340000 0.032233
9.345000 0.032453
9.350000 0.032668
9.355000 0.032877
9.360000 0.033080
9.365000 0.033278
9.370000 0.033470
9.375000 0.033656
9.380000 0.033836
9.385000 0.034010
9.390000 0.034177
9.395000 0.034339
9.400000 0.034493
9.405000 0.034642
9.410000 0.034783
9.415000 0.034918
9.420000 0.035047
9.425000 0.035169
9.430000 0.035283
9.435000 0.035392
9.440000 0.035493
9.445000 0.035588
9.450000 0.035675
9.455000 0.035756
9.460000 0.035830
9.465000 0.035897
9.470000 0.035957
9.475000 0.036010
9.480000 0.036056
9.485000 0.036095
9.490000 0.036127
9.495000 0.036152
9.500000 0.036170
9.505000 0.036181
9.510000 0.036185
9.515000 0.036182
9.520000 0.036172
9.525000 0.036156
9.530000 0.036132
9.535000 0.036101
9.540000 0.036063
9.545000 0.036018
9.550000 0.035966
9.555000 0.035908
9.560000 0.035842
9.565000 0.035770
9.570000 0.035690
9.575000 0.035604
9.580000 0.035510
9.585000 0.035410
9.590000 0.035304
9.595000 0.035190
9.600000 0.035070
9.605000 0.034943
9.610000 0.034809
9.615000 0.034669
9.620000 0.034522
9.625000 0.034369
9.630000 0.034209
9.635000 0.034043
9.640000 0.033871
9.645000 0.033692
9.650000 0.033508
9.655000 0.033318
9.660000 0.033122
9.665000 0.032920
9.670000 0.032713
9.675000 0.032500
9.680000 0.032282
9.685000 0.032059
9.690000 0.031832
9.695000 0.031599
9.700000 0.031362
9.705000 0.031121
9.710000 0.030876
9.715000 0.030627
9.720000 0.030374
9.725000 0.030119
9.730000 0.029860
9.735000 0.029598
9.740000 0.029334
9.745000 0.029068
9.750000 0.028800
9.755000 0.028531
9.760000 0.028260
9.765000 0.027988
9.770000 0.027716
9.775000 0.027444
9.780000 0.027171
9.785000 0.026900
9.790000 0.026629
9.795000 0.026359
9.800000 0.026090
9.805000 0.025824
9.810000 0.025559
9.815000 0.025297
9.820000 0.025038
9.825000 0.024782
9.830000 0.024530
9.835000 0.024281
9.840000 0.024037
9.845000 0.023797
9.850000 0.023562
9.855000 0.023331
9.860000 0.023106
9.865000 0.022886
9.870000 0.022672
9.875000 0.022464
9.880000 0.022263
9.885000 0.022067
9.890000 0.021878
9.895000 0.021696
9.900000 0.021521
9.905000 0.021352
9.910000 0.021191
9.915000 0.021037
9.920000 0.020891
9.925000 0.020752
9.930000 0.020621
9.935000 0.020497
9.940000 0.020381
9.945000 0.020273
9.950000 0.020173
9.955000 0.020080
9.960000 0.019996
9.965000 0.019919
9.970000 0.019851
9.975000 0.019790
9.980000 0.019738
9.985000 0.019693
9.990000 0.019657
9.995000 0.019629
10.000000 0.019608
10.005000 0.019596
10.010000 0.019592
