Sigma_Input
0.000000
0.050000
0.100000
0.150025
0.150099
0.150222
0.150394
0.150616
0.150886
0.151204
0.151571
0.151985
0.152447
0.152956
0.153511
0.154112
0.154759
0.155450
0.156185
0.156963
0.157784
0.158646
0.159549
0.160492
0.161474
0.162494
0.163552
0.164645
0.165773
0.166934
0.168129
0.169355
0.170611
0.171896
0.173209
0.174548
0.175912
0.177300
0.178711
0.180143
0.181594
0.183063
0.184549
0.186050
0.187566
0.189093
0.190631
0.192178
0.193733
0.195295
0.196860
0.198429
0.200000
0.201571
0.203140
0.204705
0.206267
0.207822
0.209369
0.210907
0.212434
0.213950
0.215451
0.216937
0.218406
0.219857
0.221289
0.222700
0.224088
0.225452
0.226791
0.228104
0.229389
0.230645
0.231871
0.233066
0.234227
0.235355
0.236448
0.237506
0.238526
0.239508
0.240451
0.241354
0.242216
0.243037
0.243815
0.244550
0.245241
0.245888
0.246489
0.247044
0.247553
0.248015
0.248429
0.248796
0.249114
0.249384
0.249606
0.249778
0.249901
0.249975
0.250000
0.249975
0.249901
0.249778
0.249606
0.249384
0.249114
0.248796
0.248429
0.248015
0.247553
0.247044
0.246489
0.245888
0.245241
0.244550
0.243815
0.243037
0.242216
0.241354
0.240451
0.239508
0.238526
0.237506
0.236448
0.235355
0.234227
0.233066
0.231871
0.230645
0.229389
0.228104
0.226791
0.225452
0.224088
0.222700
0.221289
0.219857
0.218406
0.216937
0.215451
0.213950
0.212434
0.210907
0.209369
0.207822
0.206267
0.204705
0.203140
0.201571
0.200000
0.198429
0.196860
0.195295
0.193733
0.192178
0.190631
0.189093
0.187566
0.186050
0.184549
0.183063
0.181594
0.180143
0.178711
0.177300
0.175912
0.174548
0.173209
0.171896
0.170611
0.169355
0.168129
0.166934
0.165773
0.164645
0.163552
0.162494
0.161474
0.160492
0.159549
0.158646
0.157784
0.156963
0.156185
0.155450
0.154759
0.154112
0.153511
0.152956
0.152447
0.151985
0.151571
0.151204
0.150886
0.150616
0.150394
0.150222
0.150099
0.150025
0.150000
0.150025
0.150099
0.150222
0.150394
0.150616
0.150886
0.151204
0.151571
0.151985
0.152447
0.152956
0.153511
0.154112
0.154759
0.155450
0.156185
0.156963
0.157784
0.158646
0.159549
0.160492
0.161474
0.162494
0.163552
0.164645
0.165773
0.166934
0.168129
0.169355
0.170611
0.171896
0.173209
0.174548
0.175912
0.177300
0.178711
0.180143
0.181594
0.183063
0.184549
0.186050
0.187566
0.189093
0.190631
0.192178
0.193733
0.195295
0.196860
0.198429
0.200000
0.201571
0.203140
0.204705
0.206267
0.207822
0.209369
0.210907
0.212434
0.213950
0.215451
0.216937
0.218406
0.219857
0.221289
0.222700
0.224088
0.225452
0.226791
0.228104
0.229389
0.230645
0.231871
0.233066
0.234227
0.235355
0.236448
0.237506
0.238526
0.239508
0.240451
0.241354
0.242216
0.243037
0.243815
0.244550
0.245241
0.245888
0.246489
0.247044
0.247553
0.248015
0.248429
0.248796
0.249114
0.249384
0.249606
0.249778
0.249901
0.249975
0.250000
0.249975
0.249901
0.249778
0.249606
0.249384
0.249114
0.248796
0.248429
0.248015
0.247553
0.247044
0.246489
0.245888
0.245241
0.244550
0.243815
0.243037
0.242216
0.241354
0.240451
0.239508
0.238526
0.237506
0.236448
0.235355
0.234227
0.233066
0.231871
0.230645
0.229389
0.228104
0.226791
0.225452
0.224088
0.222700
0.221289
0.219857
0.218406
0.216937
0.215451
0.213950
0.212434
0.210907
0.209369
0.207822
0.206267
0.204705
0.203140
0.201571
0.200000
0.198429
0.196860
0.195295
0.193733
0.192178
0.190631
0.189093
0.187566
0.186050
0.184549
0.183063
0.181594
0.180143
0.178711
0.177300
0.175912
0.174548
0.173209
0.171896
0.170611
0.169355
0.168129
0.166934
0.165773
0.164645
0.163552
0.162494
0.161474
0.160492
0.159549
0.158646
0.157784
0.156963
0.156185
0.155450
0.154759
0.154112
0.153511
0.152956
0.152447
0.151985
0.151571
0.151204
0.150886
0.150616
0.150394
0.150222
0.150099
0.150025
0.150000
0.150025
0.150099
0.150222
0.150394
0.150616
0.150886
0.151204
0.151571
0.151985
0.152447
0.152956
0.153511
0.154112
0.154759
0.155450
0.156185
0.156963
0.157784
0.158646
0.159549
0.160492
0.161474
0.162494
0.163552
0.164645
0.165773
0.166934
0.168129
0.169355
0.170611
0.171896
0.173209
0.174548
0.175912
0.177300
0.178711
0.180143
0.181594
0.183063
0.184549
0.186050
0.187566
0.189093
0.190631
0.192178
0.193733
0.195295
0.196860
0.198429
0.200000
0.201571
0.203140
0.204705
0.206267
0.207822
0.209369
0.210907
0.212434
0.213950
0.215451
0.216937
0.218406
0.219857
0.221289
0.222700
0.224088
0.225452
0.226791
0.228104
0.229389
0.230645
0.231871
0.233066
0.234227
0.235355
0.236448
0.237506
0.238526
0.239508
0.240451
0.241354
0.242216
0.243037
0.243815
0.244550
0.245241
0.245888
0.246489
0.247044
0.247553
0.248015
0.248429
0.248796
0.249114
0.249384
0.249606
0.249778
0.249901
0.249975
0.250000
0.249975
0.249901
0.249778
0.249606
0.249384
0.249114
0.248796
0.248429
0.248015
0.247553
0.247044
0.246489
0.245888
0.245241
0.244550
0.243815
0.243037
0.242216
0.241354
0.240451
0.239508
0.238526
0.237506
0.236448
0.235355
0.234227
0.233066
0.231871
0.230645
0.229389
0.228104
0.226791
0.225452
0.224088
0.222700
0.221289
0.219857
0.218406
0.216937
0.215451
0.213950
0.212434
0.210907
0.209369
0.207822
0.206267
0.204705
0.203140
0.201571
0.200000
0.198429
0.196860
0.195295
0.193733
0.192178
0.190631
0.189093
0.187566
0.186050
0.184549
0.183063
0.181594
0.180143
0.178711
0.177300
0.175912
0.174548
0.173209
0.171896
0.170611
0.169355
0.168129
0.166934
0.165773
0.164645
0.163552
0.162494
0.161474
0.160492
0.159549
0.158646
0.157784
0.156963
0.156185
0.155450
0.154759
0.154112
0.153511
0.152956
0.152447
0.151985
0.151571
0.151204
0.150886
0.150616
0.150394
0.150222
0.150099
0.150025
0.150000
0.150025
0.150099
0.150222
0.150394
0.150616
0.150886
0.151204
0.151571
0.151985
0.152447
0.152956
0.153511
0.154112
0.154759
0.155450
0.156185
0.156963
0.157784
0.158646
0.159549
0.160492
0.161474
0.162494
0.163552
0.164645
0.165773
0.166934
0.168129
0.169355
0.170611
0.171896
0.173209
0.174548
0.175912
0.177300
0.178711
0.180143
0.181594
0.183063
0.184549
0.186050
0.187566
0.189093
0.190631
0.192178
0.193733
0.195295
0.196860
0.198429
0.200000
0.201571
0.203140
0.204705
0.206267
0.207822
0.209369
0.210907
0.212434
0.213950
0.215451
0.216937
0.218406
0.219857
0.221289
0.222700
0.224088
0.225452
0.226791
0.228104
0.229389
0.230645
0.231871
0.233066
0.234227
0.235355
0.236448
0.237506
0.238526
0.239508
0.240451
0.241354
0.242216
0.243037
0.243815
0.244550
0.245241
0.245888
0.246489
0.247044
0.247553
0.248015
0.248429
0.248796
0.249114
0.249384
0.249606
0.249778
0.249901
0.249975
0.250000
0.249975
0.249901
0.249778
0.249606
0.249384
0.249114
0.248796
0.248429
0.248015
0.247553
0.247044
0.246489
0.245888
0.245241
0.244550
0.243815
0.243037
0.242216
0.241354
0.240451
0.239508
0.238526
0.237506
0.236448
0.235355
0.234227
0.233066
0.231871
0.230645
0.229389
0.228104
0.226791
0.225452
0.224088
0.222700
0.221289
0.219857
0.218406
0.216937
0.215451
0.213950
0.212434
0.210907
0.209369
0.207822
0.206267
0.204705
0.203140
0.201571
0.200000
0.198429
0.196860
0.195295
0.193733
0.192178
0.190631
0.189093
0.187566
0.186050
0.184549
0.183063
0.181594
0.180143
0.178711
0.177300
0.175912
0.174548
0.173209
0.171896
0.170611
0.169355
0.168129
0.166934
0.165773
0.164645
0.163552
0.162494
0.161474
0.160492
0.159549
0.158646
0.157784
0.156963
0.156185
0.155450
0.154759
0.154112
0.153511
0.152956
0.152447
0.151985
0.151571
0.151204
0.150886
0.150616
0.150394
0.150222
0.150099
0.150025
0.150000
0.150025
0.150099
0.150222
0.150394
0.150616
0.150886
0.151204
0.151571
0.151985
0.152447
0.152956
0.153511
0.154112
0.154759
0.155450
0.156185
0.156963
0.157784
0.158646
0.159549
0.160492
0.161474
0.162494
0.163552
0.164645
0.165773
0.166934
0.168129
0.169355
0.170611
0.171896
0.173209
0.174548
0.175912
0.177300
0.178711
0.180143
0.181594
0.183063
0.184549
0.186050
0.187566
0.189093
0.190631
0.192178
0.193733
0.195295
0.196860
0.198429
0.200000
0.201571
0.203140
0.204705
0.206267
0.207822
0.209369
0.210907
0.212434
0.213950
0.215451
0.216937
0.218406
0.219857
0.221289
0.222700
0.224088
0.225452
0.226791
0.228104
0.229389
0.230645
0.231871
0.233066
0.234227
0.235355
0.236448
0.237506
0.238526
0.239508
0.240451
0.241354
0.242216
0.243037
0.243815
0.244550
0.245241
0.245888
0.246489
0.247044
0.247553
0.248015
0.248429
0.248796
0.249114
0.249384
0.249606
0.249778
0.249901
0.249975
0.250000
0.249975
0.249901
0.249778
0.249606
0.249384
0.249114
0.248796
0.248429
0.248015
0.247553
0.247044
0.246489
0.245888
0.245241
0.244550
0.243815
0.243037
0.242216
0.241354
0.240451
0.239508
0.238526
0.237506
0.236448
0.235355
0.234227
0.233066
0.231871
0.230645
0.229389
0.228104
0.226791
0.225452
0.224088
0.222700
0.221289
0.219857
0.218406
0.216937
0.215451
0.213950
0.212434
0.210907
0.209369
0.207822
0.206267
0.204705
0.203140
0.201571
0.200000
0.198429
0.196860
0.195295
0.193733
0.192178
0.190631
0.189093
0.187566
0.186050
0.184549
0.183063
0.181594
0.180143
0.178711
0.177300
0.175912
0.174548
0.173209
0.171896
0.170611
0.169355
0.168129
0.166934
0.165773
0.164645
0.163552
0.162494
0.161474
0.160492
0.159549
0.158646
0.157784
0.156963
0.156185
0.155450
0.154759
0.154112
0.153511
0.152956
0.152447
0.151985
0.151571
0.151204
0.150886
0.150616
0.150394
0.150222
0.150099
0.150025
0.150000
0.150025
0.150099
0.150222
0.150394
0.150616
0.150886
0.151204
0.151571
0.151985
0.152447
0.152956
0.153511
0.154112
0.154759
0.155450
0.156185
0.156963
0.157784
0.158646
0.159549
0.160492
0.161474
0.162494
0.163552
0.164645
0.165773
0.166934
0.168129
0.169355
0.170611
0.171896
0.173209
0.174548
0.175912
0.177300
0.178711
0.180143
0.181594
0.183063
0.184549
0.186050
0.187566
0.189093
0.190631
0.192178
0.193733
0.195295
0.196860
0.198429
0.200000
0.201571
0.203140
0.204705
0.206267
0.207822
0.209369
0.210907
0.212434
0.213950
0.215451
0.216937
0.218406
0.219857
0.221289
0.222700
0.224088
0.225452
0.226791
0.228104
0.229389
0.230645
0.231871
0.233066
0.234227
0.235355
0.236448
0.237506
0.238526
0.239508
0.240451
0.241354
0.242216
0.243037
0.243815
0.244550
0.245241
0.245888
0.246489
0.247044
0.247553
0.248015
0.248429
0.248796
0.249114
0.249384
0.249606
0.249778
0.249901
0.249975
0.250000
0.249975
0.249901
0.249778
0.249606
0.249384
0.249114
0.248796
0.248429
0.248015
0.247553
0.247044
0.246489
0.245888
0.245241
0.244550
0.243815
0.243037
0.242216
0.241354
0.240451
0.239508
0.238526
0.237506
0.236448
0.235355
0.234227
0.233066
0.231871
0.230645
0.229389
0.228104
0.226791
0.225452
0.224088
0.222700
0.221289
0.219857
0.218406
0.216937
0.215451
0.213950
0.212434
0.210907
0.209369
0.207822
0.206267
0.204705
0.203140
0.201571
0.200000
0.198429
0.196860
0.195295
0.193733
0.192178
0.190631
0.189093
0.187566
0.186050
0.184549
0.183063
0.181594
0.180143
0.178711
0.177300
0.175912
0.174548
0.173209
0.171896
0.170611
0.169355
0.168129
0.166934
0.165773
0.164645
0.163552
0.162494
0.161474
0.160492
0.159549
0.158646
0.157784
0.156963
0.156185
0.155450
0.154759
0.154112
0.153511
0.152956
0.152447
0.151985
0.151571
0.151204
0.150886
0.150616
0.150394
0.150222
0.150099
0.150025
0.150000
0.150025
0.150099
0.150222
0.150394
0.150616
0.150886
0.151204
0.151571
0.151985
0.152447
0.152956
0.153511
0.154112
0.154759
0.155450
0.156185
0.156963
0.157784
0.158646
0.159549
0.160492
0.161474
0.162494
0.163552
0.164645
0.165773
0.166934
0.168129
0.169355
0.170611
0.171896
0.173209
0.174548
0.175912
0.177300
0.178711
0.180143
0.181594
0.183063
0.184549
0.186050
0.187566
0.189093
0.190631
0.192178
0.193733
0.195295
0.196860
0.198429
0.200000
0.201571
0.203140
0.204705
0.206267
0.207822
0.209369
0.210907
0.212434
0.213950
0.215451
0.216937
0.218406
0.219857
0.221289
0.222700
0.224088
0.225452
0.226791
0.228104
0.229389
0.230645
0.231871
0.233066
0.234227
0.235355
0.236448
0.237506
0.238526
0.239508
0.240451
0.241354
0.242216
0.243037
0.243815
0.244550
0.245241
0.245888
0.246489
0.247044
0.247553
0.248015
0.248429
0.248796
0.249114
0.249384
0.249606
0.249778
0.249901
0.249975
0.250000
0.249975
0.249901
0.249778
0.249606
0.249384
0.249114
0.248796
0.248429
0.248015
0.247553
0.247044
0.246489
0.245888
0.245241
0.244550
0.243815
0.243037
0.242216
0.241354
0.240451
0.239508
0.238526
0.237506
0.236448
0.235355
0.234227
0.233066
0.231871
0.230645
0.229389
0.228104
0.226791
0.225452
0.224088
0.222700
0.221289
0.219857
0.218406
0.216937
0.215451
0.213950
0.212434
0.210907
0.209369
0.207822
0.206267
0.204705
0.203140
0.201571
0.200000
0.198429
0.196860
0.195295
0.193733
0.192178
0.190631
0.189093
0.187566
0.186050
0.184549
0.183063
0.181594
0.180143
0.178711
0.177300
0.175912
0.174548
0.173209
0.171896
0.170611
0.169355
0.168129
0.166934
0.165773
0.164645
0.163552
0.162494
0.161474
0.160492
0.159549
0.158646
0.157784
0.156963
0.156185
0.155450
0.154759
0.154112
0.153511
0.152956
0.152447
0.151985
0.151571
0.151204
0.150886
0.150616
0.150394
0.150222
0.150099
0.150025
0.150000
0.150025
0.150099
0.150222
0.150394
0.150616
0.150886
0.151204
0.151571
0.151985
0.152447
0.152956
0.153511
0.154112
0.154759
0.155450
0.156185
0.156963
0.157784
0.158646
0.159549
0.160492
0.161474
0.162494
0.163552
0.164645
0.165773
0.166934
0.168129
0.169355
0.170611
0.171896
0.173209
0.174548
0.175912
0.177300
0.178711
0.180143
0.181594
0.183063
0.184549
0.186050
0.187566
0.189093
0.190631
0.192178
0.193733
0.195295
0.196860
0.198429
0.200000
0.201571
0.203140
0.204705
0.206267
0.207822
0.209369
0.210907
0.212434
0.213950
0.215451
0.216937
0.218406
0.219857
0.221289
0.222700
0.224088
0.225452
0.226791
0.228104
0.229389
0.230645
0.231871
0.233066
0.234227
0.235355
0.236448
0.237506
0.238526
0.239508
0.240451
0.241354
0.242216
0.243037
0.243815
0.244550
0.245241
0.245888
0.246489
0.247044
0.247553
0.248015
0.248429
0.248796
0.249114
0.249384
0.249606
0.249778
0.249901
0.249975
0.250000
0.249975
0.249901
0.249778
0.249606
0.249384
0.249114
0.248796
0.248429
0.248015
0.247553
0.247044
0.246489
0.245888
0.245241
0.244550
0.243815
0.243037
0.242216
0.241354
0.240451
0.239508
0.238526
0.237506
0.236448
0.235355
0.234227
0.233066
0.231871
0.230645
0.229389
0.228104
0.226791
0.225452
0.224088
0.222700
0.221289
0.219857
0.218406
0.216937
0.215451
0.213950
0.212434
0.210907
0.209369
0.207822
0.206267
0.204705
0.203140
0.201571
0.200000
0.198429
0.196860
0.195295
0.193733
0.192178
0.190631
0.189093
0.187566
0.186050
0.184549
0.183063
0.181594
0.180143
0.178711
0.177300
0.175912
0.174548
0.173209
0.171896
0.170611
0.169355
0.168129
0.166934
0.165773
0.164645
0.163552
0.162494
0.161474
0.160492
0.159549
0.158646
0.157784
0.156963
0.156185
0.155450
0.154759
0.154112
0.153511
0.152956
0.152447
0.151985
0.151571
0.151204
0.150886
0.150616
0.150394
0.150222
0.150099
0.150025
0.150000
0.150025
0.150099
0.150222
0.150394
0.150616
0.150886
0.151204
0.151571
0.151985
0.152447
0.152956
0.153511
0.154112
0.154759
0.155450
0.156185
0.156963
0.157784
0.158646
0.159549
0.160492
0.161474
0.162494
0.163552
0.164645
0.165773
0.166934
0.168129
0.169355
0.170611
0.171896
0.173209
0.174548
0.175912
0.177300
0.178711
0.180143
0.181594
0.183063
0.184549
0.186050
0.187566
0.189093
0.190631
0.192178
0.193733
0.195295
0.196860
0.198429
0.200000
0.201571
0.203140
0.204705
0.206267
0.207822
0.209369
0.210907
0.212434
0.213950
0.215451
0.216937
0.218406
0.219857
0.221289
0.222700
0.224088
0.225452
0.226791
0.228104
0.229389
0.230645
0.231871
0.233066
0.234227
0.235355
0.236448
0.237506
0.238526
0.239508
0.240451
0.241354
0.242216
0.243037
0.243815
0.244550
0.245241
0.245888
0.246489
0.247044
0.247553
0.248015
0.248429
0.248796
0.249114
0.249384
0.249606
0.249778
0.249901
0.249975
0.250000
0.249975
0.249901
0.249778
0.249606
0.249384
0.249114
0.248796
0.248429
0.248015
0.247553
0.247044
0.246489
0.245888
0.245241
0.244550
0.243815
0.243037
0.242216
0.241354
0.240451
0.239508
0.238526
0.237506
0.236448
0.235355
0.234227
0.233066
0.231871
0.230645
0.229389
0.228104
0.226791
0.225452
0.224088
0.222700
0.221289
0.219857
0.218406
0.216937
0.215451
0.213950
0.212434
0.210907
0.209369
0.207822
0.206267
0.204705
0.203140
0.201571
0.200000
0.198429
0.196860
0.195295
0.193733
0.192178
0.190631
0.189093
0.187566
0.186050
0.184549
0.183063
0.181594
0.180143
0.178711
0.177300
0.175912
0.174548
0.173209
0.171896
0.170611
0.169355
0.168129
0.166934
0.165773
0.164645
0.163552
0.162494
0.161474
0.160492
0.159549
0.158646
0.157784
0.156963
0.156185
0.155450
0.154759
0.154112
0.153511
0.152956
0.152447
0.151985
0.151571
0.151204
0.150886
0.150616
0.150394
0.150222
0.150099
0.150025
0.150000
0.150025
0.150099
0.150222
0.150394
0.150616
0.150886
0.151204
0.151571
0.151985
0.152447
0.152956
0.153511
0.154112
0.154759
0.155450
0.156185
0.156963
0.157784
0.158646
0.159549
0.160492
0.161474
0.162494
0.163552
0.164645
0.165773
0.166934
0.168129
0.169355
0.170611
0.171896
0.173209
0.174548
0.175912
0.177300
0.178711
0.180143
0.181594
0.183063
0.184549
0.186050
0.187566
0.189093
0.190631
0.192178
0.193733
0.195295
0.196860
0.198429
0.200000
0.201571
0.203140
0.204705
0.206267
0.207822
0.209369
0.210907
0.212434
0.213950
0.215451
0.216937
0.218406
0.219857
0.221289
0.222700
0.224088
0.225452
0.226791
0.228104
0.229389
0.230645
0.231871
0.233066
0.234227
0.235355
0.236448
0.237506
0.238526
0.239508
0.240451
0.241354
0.242216
0.243037
0.243815
0.244550
0.245241
0.245888
0.246489
0.247044
0.247553
0.248015
0.248429
0.248796
0.249114
0.249384
0.249606
0.249778
0.249901
0.249975
0.250000
0.249975
0.249901
0.249778
0.249606
0.249384
0.249114
0.248796
0.248429
0.248015
0.247553
0.247044
0.246489
0.245888
0.245241
0.244550
0.243815
0.243037
0.242216
0.241354
0.240451
0.239508
0.238526
0.237506
0.236448
0.235355
0.234227
0.233066
0.231871
0.230645
0.229389
0.228104
0.226791
0.225452
0.224088
0.222700
0.221289
0.219857
0.218406
0.216937
0.215451
0.213950
0.212434
0.210907
0.209369
0.207822
0.206267
0.204705
0.203140
0.201571
0.200000
0.198429
0.196860
0.195295
0.193733
0.192178
0.190631
0.189093
0.187566
0.186050
0.184549
0.183063
0.181594
0.180143
0.178711
0.177300
0.175912
0.174548
0.173209
0.171896
0.170611
0.169355
0.168129
0.166934
0.165773
0.164645
0.163552
0.162494
0.161474
0.160492
0.159549
0.158646
0.157784
0.156963
0.156185
0.155450
0.154759
0.154112
0.153511
0.152956
0.152447
0.151985
0.151571
0.151204
0.150886
0.150616
0.150394
0.150222
0.150099
0.150025
0.150000
