Time(s) epsInput_mod2
0.000000 0.000000000000
0.005000 0.003340867559
0.010000 0.008683327480
0.015000 0.014283503380
0.020000 0.014304396894
0.025000 0.014337168936
0.030000 0.014381815016
0.035000 0.014438571872
0.040000 0.014506947667
0.045000 0.014586934002
0.050000 0.014678762875
0.055000 0.014781937864
0.060000 0.014896686642
0.065000 0.015022750332
0.070000 0.015159867553
0.075000 0.015308015569
0.080000 0.015467167959
0.085000 0.015636812283
0.090000 0.015816914740
0.095000 0.016007196375
0.100000 0.016207614295
0.105000 0.016417640595
0.110000 0.016637223051
0.115000 0.016866064507
0.120000 0.017103863133
0.125000 0.017350312411
0.130000 0.017605338730
0.135000 0.017868150702
0.140000 0.018138666043
0.145000 0.018416324381
0.150000 0.018701269125
0.155000 0.018992697019
0.160000 0.019290274104
0.165000 0.019593663447
0.170000 0.019902525503
0.175000 0.020216287589
0.180000 0.020534608991
0.185000 0.020857147983
0.190000 0.021183562306
0.195000 0.021513282929
0.200000 0.021845745843
0.205000 0.022180617440
0.210000 0.022517566217
0.215000 0.022856041482
0.220000 0.023195941903
0.225000 0.023536288250
0.230000 0.023876992847
0.235000 0.024217535210
0.240000 0.024557620991
0.245000 0.024896962036
0.250000 0.025234641730
0.255000 0.025570819398
0.260000 0.025905024086
0.265000 0.026236696590
0.270000 0.026565334173
0.275000 0.026890551634
0.280000 0.027212543642
0.285000 0.027530499294
0.290000 0.027844231859
0.295000 0.028153563371
0.300000 0.028458129396
0.305000 0.028757967701
0.310000 0.029052350639
0.315000 0.029341339197
0.320000 0.029624618784
0.325000 0.029902075873
0.330000 0.030173604298
0.335000 0.030438921328
0.340000 0.030697757203
0.345000 0.030950035004
0.350000 0.031195683468
0.355000 0.031434636570
0.360000 0.031666657164
0.365000 0.031891692653
0.370000 0.032109694145
0.375000 0.032320615978
0.380000 0.032524074585
0.385000 0.032720375069
0.390000 0.032909310590
0.395000 0.033091013510
0.400000 0.033265116022
0.405000 0.033431752274
0.410000 0.033590888300
0.415000 0.033742489224
0.420000 0.033886518768
0.425000 0.034023098921
0.430000 0.034152027271
0.435000 0.034273418982
0.440000 0.034387225157
0.445000 0.034493550241
0.450000 0.034592179671
0.455000 0.034683208269
0.460000 0.034766723619
0.465000 0.034842651740
0.470000 0.034910913411
0.475000 0.034971730564
0.480000 0.035024856829
0.485000 0.035070499225
0.490000 0.035108703387
0.495000 0.035139203012
0.500000 0.035162181702
0.505000 0.035177662653
0.510000 0.035185661347
0.515000 0.035186033768
0.520000 0.035178922352
0.525000 0.035164328918
0.530000 0.035142238266
0.535000 0.035112475333
0.540000 0.035075314055
0.545000 0.035030717338
0.550000 0.034978487694
0.555000 0.034918879474
0.560000 0.034851681165
0.565000 0.034776981331
0.570000 0.034694863583
0.575000 0.034605251438
0.580000 0.034508061853
0.585000 0.034403519158
0.590000 0.034291531748
0.595000 0.034172160562
0.600000 0.034045304706
0.605000 0.033911178018
0.610000 0.033769674080
0.615000 0.033620843549
0.620000 0.033464736243
0.625000 0.033301401624
0.630000 0.033130724237
0.635000 0.032953083272
0.640000 0.032768366109
0.645000 0.032576794097
0.650000 0.032378086598
0.655000 0.032172639195
0.660000 0.031960516201
0.665000 0.031741785554
0.670000 0.031516519251
0.675000 0.031284969715
0.680000 0.031047222371
0.685000 0.030803368059
0.690000 0.030553503409
0.695000 0.030297912499
0.700000 0.030036891411
0.705000 0.029770564578
0.710000 0.029499063578
0.715000 0.029222714135
0.720000 0.028941478808
0.725000 0.028656080385
0.730000 0.028366502543
0.735000 0.028073115767
0.740000 0.027776110327
0.745000 0.027475684356
0.750000 0.027172632085
0.755000 0.026866784012
0.760000 0.026558603514
0.765000 0.026248465685
0.770000 0.025936717470
0.775000 0.025623817266
0.780000 0.025309624227
0.785000 0.024995015806
0.790000 0.024680271645
0.795000 0.024365675825
0.800000 0.024051723771
0.805000 0.023738501715
0.810000 0.023426931645
0.815000 0.023117108550
0.820000 0.022809546967
0.825000 0.022504554037
0.830000 0.022202437151
0.835000 0.021903716287
0.840000 0.021608913171
0.845000 0.021318336317
0.850000 0.021032291974
0.855000 0.020751083694
0.860000 0.020475227335
0.865000 0.020205021082
0.870000 0.019940759042
0.875000 0.019682730959
0.880000 0.019431655376
0.885000 0.019187380244
0.890000 0.018950397833
0.895000 0.018720761495
0.900000 0.018499170946
0.905000 0.018285669192
0.910000 0.018080511096
0.915000 0.017883946445
0.920000 0.017696220117
0.925000 0.017517354640
0.930000 0.017347803421
0.935000 0.017187580538
0.940000 0.017036913989
0.945000 0.016895810884
0.950000 0.016764710589
0.955000 0.016643614896
0.960000 0.016532523690
0.965000 0.016431652774
0.970000 0.016341216768
0.975000 0.016260995032
0.980000 0.016191418493
0.985000 0.016132266475
0.990000 0.016083536026
0.995000 0.016045659153
1.000000 0.016018417495
1.005000 0.016001810994
1.010000 0.015995840902
1.015000 0.016000726956
1.020000 0.016016256177
1.025000 0.016042433999
1.030000 0.016079267141
1.035000 0.016126980720
1.040000 0.016185149171
1.045000 0.016253781841
1.050000 0.016333105906
1.055000 0.016422696466
1.060000 0.016522780394
1.065000 0.016633148942
1.070000 0.016753591941
1.075000 0.016884115114
1.080000 0.017024722164
1.085000 0.017174978617
1.090000 0.017334882363
1.095000 0.017504210023
1.100000 0.017682952138
1.105000 0.017870659268
1.110000 0.018067313001
1.115000 0.018272672181
1.120000 0.018486490498
1.125000 0.018708516328
1.130000 0.018938709912
1.135000 0.019176373955
1.140000 0.019421457799
1.145000 0.019673471331
1.150000 0.019932569075
1.155000 0.020198034214
1.160000 0.020469578744
1.165000 0.020746910150
1.170000 0.021029731707
1.175000 0.021317528800
1.180000 0.021609999041
1.185000 0.021906837260
1.190000 0.022207735959
1.195000 0.022512174416
1.200000 0.022819633598
1.205000 0.023129806929
1.210000 0.023442388102
1.215000 0.023756863645
1.220000 0.024073139220
1.225000 0.024390294690
1.230000 0.024708244456
1.235000 0.025026494611
1.240000 0.025344762311
1.245000 0.025662769325
1.250000 0.025979641403
1.255000 0.026295519840
1.260000 0.026609948871
1.265000 0.026922381864
1.270000 0.027232326156
1.275000 0.027539404245
1.280000 0.027843788094
1.285000 0.028144690905
1.290000 0.028441919303
1.295000 0.028735287896
1.300000 0.029024432343
1.305000 0.029309372885
1.310000 0.029589395620
1.315000 0.029864542017
1.320000 0.030134492983
1.325000 0.030399122285
1.330000 0.030658310824
1.335000 0.030911769272
1.340000 0.031159220326
1.345000 0.031400572611
1.350000 0.031635740475
1.355000 0.031864643608
1.360000 0.032087036220
1.365000 0.032302851253
1.370000 0.032512025609
1.375000 0.032714499714
1.380000 0.032909886057
1.385000 0.033098466303
1.390000 0.033280025306
1.395000 0.033454678206
1.400000 0.033622053705
1.405000 0.033782269547
1.410000 0.033935280341
1.415000 0.034081040284
1.420000 0.034219502685
1.425000 0.034350775938
1.430000 0.034474652132
1.435000 0.034591234082
1.440000 0.034700464831
1.445000 0.034802437940
1.450000 0.034896935322
1.455000 0.034984042129
1.460000 0.035063837050
1.465000 0.035136241047
1.470000 0.035201170352
1.475000 0.035258836918
1.480000 0.035308994053
1.485000 0.035351840133
1.490000 0.035387415789
1.495000 0.035415455970
1.500000 0.035436137556
1.505000 0.035449480473
1.510000 0.035455497508
1.515000 0.035454045227
1.520000 0.035445271155
1.525000 0.035429166612
1.530000 0.035405715839
1.535000 0.035374746427
1.540000 0.035336527397
1.545000 0.035291022582
1.550000 0.035238038611
1.555000 0.035177826333
1.560000 0.035110179278
1.565000 0.035035186105
1.570000 0.034952930901
1.575000 0.034863340820
1.580000 0.034766336918
1.585000 0.034662142390
1.590000 0.034550670450
1.595000 0.034431984390
1.600000 0.034305988933
1.605000 0.034172897976
1.610000 0.034032611351
1.615000 0.033885183323
1.620000 0.033730667560
1.625000 0.033569117606
1.630000 0.033400425598
1.635000 0.033224968725
1.640000 0.033042642266
1.645000 0.032853668930
1.650000 0.032657780003
1.655000 0.032455369163
1.660000 0.032246505744
1.665000 0.032031262790
1.670000 0.031809717483
1.675000 0.031582123473
1.680000 0.031348571149
1.685000 0.031109156314
1.690000 0.030863980539
1.695000 0.030613328382
1.700000 0.030357495882
1.705000 0.030096611487
1.710000 0.029830810638
1.715000 0.029560417875
1.720000 0.029285403857
1.725000 0.029006479253
1.730000 0.028723634780
1.735000 0.028437237407
1.740000 0.028147478509
1.745000 0.027854556939
1.750000 0.027559249841
1.755000 0.027261398131
1.760000 0.026961458026
1.765000 0.026659796353
1.770000 0.026356750623
1.775000 0.026052768593
1.780000 0.025747717611
1.785000 0.025442449712
1.790000 0.025137237558
1.795000 0.024832357559
1.800000 0.024528289439
1.805000 0.024225117322
1.810000 0.023923730441
1.815000 0.023624219526
1.820000 0.023327078834
1.825000 0.023032601941
1.830000 0.022741081928
1.835000 0.022453015271
1.840000 0.022168898807
1.845000 0.021889023561
1.850000 0.021613677598
1.855000 0.021343145617
1.860000 0.021077914746
1.865000 0.020818262584
1.870000 0.020564462080
1.875000 0.020316781288
1.880000 0.020075896926
1.885000 0.019841653365
1.890000 0.019614509767
1.895000 0.019394505949
1.900000 0.019182297275
1.905000 0.018977912590
1.910000 0.018781582379
1.915000 0.018593531973
1.920000 0.018413981792
1.925000 0.018242940908
1.930000 0.018080827770
1.935000 0.017927643544
1.940000 0.017783592779
1.945000 0.017648670777
1.950000 0.017523283113
1.955000 0.017407420846
1.960000 0.017301073998
1.965000 0.017204437837
1.970000 0.017117707149
1.975000 0.017040665508
1.980000 0.016973714215
1.985000 0.016916638786
1.990000 0.016869431927
1.995000 0.016832498898
2.000000 0.016805630757
2.005000 0.016788826290
2.010000 0.016782086687
2.015000 0.016785621041
2.020000 0.016799230231
2.025000 0.016822922943
2.030000 0.016856710229
2.035000 0.016900811078
2.040000 0.016954829510
2.045000 0.017018782234
2.050000 0.017092893439
2.055000 0.017176770304
2.060000 0.017270638585
2.065000 0.017374311843
2.070000 0.017487602748
2.075000 0.017610529421
2.080000 0.017743108747
2.085000 0.017884941524
2.090000 0.018036039614
2.095000 0.018196204663
2.100000 0.018365442044
2.105000 0.018543338006
2.110000 0.018729889217
2.115000 0.018924879903
2.120000 0.019128088965
2.125000 0.019339289739
2.130000 0.019558457702
2.135000 0.019784938830
2.140000 0.020018696760
2.145000 0.020259273693
2.150000 0.020506828962
2.155000 0.020760685711
2.160000 0.021020577088
2.165000 0.021286231056
2.170000 0.021557370666
2.175000 0.021833508274
2.180000 0.022114359276
2.185000 0.022399635502
2.190000 0.022689045657
2.195000 0.022982091640
2.200000 0.023278275538
2.205000 0.023577303507
2.210000 0.023878881150
2.215000 0.024182512622
2.220000 0.024488106986
2.225000 0.024794772187
2.230000 0.025102423792
2.235000 0.025410580697
2.240000 0.025718965763
2.245000 0.026027305734
2.250000 0.026334746833
2.255000 0.026641422108
2.260000 0.026946883399
2.265000 0.027250590475
2.270000 0.027552055922
2.275000 0.027850906393
2.280000 0.028147303432
2.285000 0.028440472325
2.290000 0.028730217033
2.295000 0.029016349141
2.300000 0.029298504924
2.305000 0.029576696731
2.310000 0.029850217925
2.315000 0.030119101135
2.320000 0.030383025716
2.325000 0.030641859895
2.330000 0.030895478920
2.335000 0.031143590900
2.340000 0.031385915511
2.345000 0.031622354968
2.350000 0.031852817225
2.355000 0.032077215607
2.360000 0.032295300738
2.365000 0.032506999080
2.370000 0.032712241166
2.375000 0.032910961170
2.380000 0.033102770282
2.385000 0.033287939126
2.390000 0.033466249036
2.395000 0.033637807147
2.400000 0.033802241031
2.405000 0.033959660778
2.410000 0.034110015826
2.415000 0.034253255428
2.420000 0.034389328180
2.425000 0.034518336117
2.430000 0.034640069068
2.435000 0.034754624067
2.440000 0.034861940544
2.445000 0.034962106972
2.450000 0.035054903945
2.455000 0.035140412102
2.460000 0.035218706000
2.465000 0.035289704434
2.470000 0.035353321725
2.475000 0.035409765059
2.480000 0.035458788015
2.485000 0.035500584859
2.490000 0.035535194011
2.495000 0.035562351505
2.500000 0.035582231080
2.505000 0.035594851342
2.510000 0.035600224050
2.515000 0.035598206500
2.520000 0.035588944304
2.525000 0.035572428621
2.530000 0.035548643808
2.535000 0.035517419313
2.540000 0.035479021916
2.545000 0.035433416380
2.550000 0.035380412011
2.555000 0.035320258180
2.560000 0.035252751625
2.565000 0.035177981510
2.570000 0.035096032640
2.575000 0.035006834640
2.580000 0.034910311313
2.585000 0.034806685699
2.590000 0.034695874182
2.595000 0.034577941857
2.600000 0.034452797095
2.605000 0.034320654328
2.610000 0.034181417421
2.615000 0.034035143191
2.620000 0.033881888006
2.625000 0.033721708256
2.630000 0.033554500929
2.635000 0.033380642607
2.640000 0.033200033617
2.645000 0.033012897982
2.650000 0.032818974373
2.655000 0.032618655917
2.660000 0.032412015373
2.665000 0.032199129273
2.670000 0.031980078330
2.675000 0.031755117436
2.680000 0.031524340383
2.685000 0.031287846381
2.690000 0.031045740391
2.695000 0.030798307755
2.700000 0.030545844974
2.705000 0.030288483323
2.710000 0.030026360981
2.715000 0.029759802240
2.720000 0.029488782977
2.725000 0.029214007130
2.730000 0.028935469982
2.735000 0.028653536807
2.740000 0.028368400006
2.745000 0.028080259224
2.750000 0.027789881767
2.755000 0.027497115068
2.760000 0.027202411378
2.765000 0.026906132858
2.770000 0.026608611630
2.775000 0.026310289303
2.780000 0.026011038350
2.785000 0.025711695741
2.790000 0.025412530100
2.795000 0.025113813363
2.800000 0.024816015919
2.805000 0.024519220722
2.810000 0.024224297306
2.815000 0.023931333874
2.820000 0.023640812445
2.825000 0.023353018388
2.830000 0.023068236101
2.835000 0.022786947767
2.840000 0.022509635049
2.845000 0.022236578258
2.850000 0.021968054298
2.855000 0.021704336269
2.860000 0.021445893655
2.865000 0.021192991335
2.870000 0.020945889167
2.875000 0.020704841761
2.880000 0.020470500039
2.885000 0.020242705951
2.890000 0.020021898138
2.895000 0.019808107861
2.900000 0.019601962999
2.905000 0.019403483411
2.910000 0.019212884295
2.915000 0.019030375627
2.920000 0.018856162448
2.925000 0.018690245199
2.930000 0.018533020438
2.935000 0.018384481001
2.940000 0.018244816593
2.945000 0.018114014840
2.950000 0.017992460048
2.955000 0.017880136232
2.960000 0.017777026898
2.965000 0.017683314189
2.970000 0.017599180178
2.975000 0.017524410617
2.980000 0.017459387998
2.985000 0.017403901242
2.990000 0.017357939912
2.995000 0.017321892208
3.000000 0.017295554591
3.005000 0.017278924674
3.010000 0.017272003165
3.015000 0.017274992070
3.020000 0.017287700457
3.025000 0.017310138590
3.030000 0.017342319782
3.035000 0.017384458749
3.040000 0.017436177546
3.045000 0.017497497057
3.050000 0.017568639170
3.055000 0.017649230713
3.060000 0.017739496326
3.065000 0.017839263131
3.070000 0.017948357718
3.075000 0.018066805591
3.080000 0.018194631517
3.085000 0.018331458076
3.090000 0.018477305545
3.095000 0.018631990957
3.100000 0.018795528672
3.105000 0.018967527086
3.110000 0.019147992049
3.115000 0.019336723489
3.120000 0.019533515918
3.125000 0.019738158160
3.130000 0.019950635049
3.135000 0.020170319676
3.140000 0.020397184492
3.145000 0.020630791951
3.150000 0.020871304230
3.155000 0.021118069629
3.160000 0.021370834555
3.165000 0.021629339833
3.170000 0.021893320955
3.175000 0.022162307323
3.180000 0.022436025561
3.185000 0.022714198260
3.190000 0.022996544397
3.195000 0.023282580270
3.200000 0.023571821444
3.205000 0.023863982219
3.210000 0.024158775838
3.215000 0.024455717788
3.220000 0.024754719367
3.225000 0.025054906619
3.230000 0.025356195958
3.235000 0.025658114629
3.240000 0.025960389293
3.245000 0.026262750048
3.250000 0.026564356491
3.255000 0.026865336529
3.260000 0.027165247114
3.265000 0.027463552370
3.270000 0.027759768517
3.275000 0.028053525150
3.280000 0.028344977302
3.285000 0.028633358382
3.290000 0.028918470908
3.295000 0.029200124781
3.300000 0.029477956985
3.305000 0.029751975019
3.310000 0.030021477322
3.315000 0.030286491061
3.320000 0.030546694907
3.325000 0.030801953787
3.330000 0.031052139568
3.335000 0.031296959015
3.340000 0.031536130164
3.345000 0.031769551345
3.350000 0.031997126629
3.355000 0.032218765472
3.360000 0.032434216461
3.365000 0.032643402097
3.370000 0.032846249012
3.375000 0.033042687545
3.380000 0.033232328359
3.385000 0.033415435012
3.390000 0.033591786803
3.395000 0.033761485804
3.400000 0.033924159139
3.405000 0.034079912046
3.410000 0.034228690771
3.415000 0.034370441509
3.420000 0.034505109948
3.425000 0.034632794079
3.430000 0.034753282465
3.435000 0.034866668463
3.440000 0.034972889291
3.445000 0.035072030186
3.450000 0.035163871084
3.455000 0.035248489764
3.460000 0.035325958168
3.465000 0.035396193821
3.470000 0.035459109951
3.475000 0.035514910655
3.480000 0.035563349917
3.485000 0.035604619356
3.490000 0.035638756052
3.495000 0.035665497009
3.500000 0.035685013968
3.505000 0.035697324808
3.510000 0.035702440768
3.515000 0.035700219856
3.520000 0.035690806535
3.525000 0.035674192045
3.530000 0.035650361028
3.535000 0.035619144447
3.540000 0.035580807692
3.545000 0.035535316387
3.550000 0.035482481956
3.555000 0.035422552918
3.560000 0.035355328519
3.565000 0.035280898495
3.570000 0.035199348380
3.575000 0.035110609794
3.580000 0.035014608744
3.585000 0.034911568379
3.590000 0.034801407600
3.595000 0.034684193037
3.600000 0.034559835942
3.605000 0.034428551368
3.610000 0.034290246350
3.615000 0.034144979806
3.620000 0.033992810319
3.625000 0.033833796598
3.630000 0.033667839435
3.635000 0.033495315206
3.640000 0.033316128193
3.645000 0.033130503628
3.650000 0.032938185871
3.655000 0.032739567886
3.660000 0.032534725206
3.665000 0.032323737183
3.670000 0.032106687386
3.675000 0.031883831860
3.680000 0.031655267161
3.685000 0.031421095259
3.690000 0.031181423869
3.695000 0.030936539137
3.700000 0.030686738122
3.705000 0.030432154423
3.710000 0.030172928467
3.715000 0.029909384563
3.720000 0.029641502692
3.725000 0.029369981924
3.730000 0.029094821146
3.735000 0.028816384528
3.740000 0.028534865409
3.745000 0.028250464179
3.750000 0.027963940879
3.755000 0.027675147991
3.760000 0.027384534901
3.765000 0.027092460367
3.770000 0.026799252543
3.775000 0.026505348489
3.780000 0.026210624646
3.785000 0.025915906656
3.790000 0.025621460151
3.795000 0.025327553736
3.800000 0.025034650765
3.805000 0.024742833347
3.810000 0.024452956083
3.815000 0.024165105272
3.820000 0.023879753639
3.825000 0.023597180309
3.830000 0.023317663060
3.835000 0.023041673174
3.840000 0.022769680719
3.845000 0.022501957798
3.850000 0.022238772756
3.855000 0.021980389791
3.860000 0.021727264845
3.865000 0.021479653013
3.870000 0.021237804068
3.875000 0.021001962253
3.880000 0.020772758661
3.885000 0.020550033287
3.890000 0.020334208954
3.895000 0.020125310255
3.900000 0.019923943884
3.905000 0.019730122682
3.910000 0.019544049991
3.915000 0.019365923867
3.920000 0.019195937398
3.925000 0.019034084258
3.930000 0.018880744029
3.935000 0.018735902991
3.940000 0.018599739276
3.945000 0.018472234443
3.950000 0.018353756264
3.955000 0.018244283162
3.960000 0.018143793453
3.965000 0.018052458995
3.970000 0.017970451883
3.975000 0.017897559369
3.980000 0.017834149260
3.985000 0.017780012916
3.990000 0.017735137296
3.995000 0.017699897244
4.000000 0.017674093201
4.005000 0.017657721693
4.010000 0.017650782864
4.015000 0.017653473060
4.020000 0.017665607490
4.025000 0.017687197455
4.030000 0.017718257830
4.035000 0.017758999843
4.040000 0.017809059327
4.045000 0.017868460222
4.050000 0.017937422454
4.055000 0.018015587904
4.060000 0.018103180173
4.065000 0.018200036727
4.070000 0.018305994790
4.075000 0.018421085430
4.080000 0.018545339375
4.085000 0.018678395959
4.090000 0.018820281850
4.095000 0.018970825889
4.100000 0.019130049278
4.105000 0.019297577497
4.110000 0.019473423411
4.115000 0.019657399034
4.120000 0.019849310915
4.125000 0.020048959821
4.130000 0.020256337761
4.135000 0.020470838858
4.140000 0.020692442339
4.145000 0.020920726362
4.150000 0.021155855240
4.155000 0.021397196830
4.160000 0.021644507824
4.165000 0.021897539032
4.170000 0.022156035612
4.175000 0.022419540245
4.180000 0.022687788303
4.185000 0.022960510758
4.190000 0.023237434607
4.195000 0.023518087406
4.200000 0.023801995268
4.205000 0.024088878881
4.210000 0.024378457486
4.215000 0.024670255475
4.220000 0.024964185920
4.225000 0.025259389108
4.230000 0.025555782159
4.235000 0.025852898927
4.240000 0.026150469112
4.245000 0.026448225510
4.250000 0.026745338315
4.255000 0.027041931459
4.260000 0.027337566000
4.265000 0.027631709581
4.270000 0.027923881382
4.275000 0.028213713421
4.280000 0.028501355686
4.285000 0.028786048117
4.290000 0.029067592199
4.295000 0.029345796624
4.300000 0.029620299051
4.305000 0.029891103260
4.310000 0.030157511843
4.315000 0.030419547763
4.320000 0.030676889279
4.325000 0.030929398830
4.330000 0.031176945727
4.335000 0.031419235805
4.340000 0.031655985928
4.345000 0.031887091471
4.350000 0.032112453542
4.355000 0.032331978645
4.360000 0.032545413879
4.365000 0.032752678713
4.370000 0.032953696789
4.375000 0.033148395508
4.380000 0.033336385243
4.385000 0.033517924011
4.390000 0.033692789605
4.395000 0.033861080148
4.400000 0.034022422528
4.405000 0.034176918197
4.410000 0.034324510942
4.415000 0.034465144608
4.420000 0.034598762645
4.425000 0.034725459883
4.430000 0.034845023967
4.435000 0.034957545378
4.440000 0.035062959641
4.445000 0.035161349464
4.450000 0.035252494345
4.455000 0.035336469829
4.460000 0.035413345819
4.465000 0.035483038896
4.470000 0.035545461479
4.475000 0.035600815229
4.480000 0.035648854543
4.485000 0.035689768956
4.490000 0.035723594530
4.495000 0.035750069136
4.500000 0.035769362958
4.505000 0.035781493353
4.510000 0.035786471206
4.515000 0.035784155185
4.520000 0.035774688879
4.525000 0.035758063670
4.530000 0.035734264502
4.535000 0.035703123668
4.540000 0.035664905480
4.545000 0.035619576347
4.550000 0.035566949516
4.555000 0.035507272876
4.560000 0.035440347824
4.565000 0.035366264647
4.570000 0.035285109560
4.575000 0.035196815914
4.580000 0.035101311625
4.585000 0.034998820012
4.590000 0.034889262146
4.595000 0.034772706019
4.600000 0.034649065359
4.605000 0.034518555820
4.610000 0.034381087164
4.615000 0.034236720146
4.620000 0.034085515280
4.625000 0.033927533300
4.630000 0.033762678260
4.635000 0.033591326452
4.640000 0.033413385551
4.645000 0.033229081886
4.650000 0.033038164671
4.655000 0.032841026817
4.660000 0.032637746270
4.665000 0.032428404829
4.670000 0.032213088546
4.675000 0.031992054520
4.680000 0.031765401706
4.685000 0.031533234476
4.690000 0.031295662941
4.695000 0.031052974002
4.700000 0.030805465263
4.705000 0.030553272351
4.710000 0.030296537661
4.715000 0.030035585583
4.720000 0.029770399627
4.725000 0.029501674822
4.730000 0.029229413156
4.735000 0.028953977929
4.740000 0.028675563323
4.745000 0.028394370417
4.750000 0.028111153157
4.755000 0.027825768343
4.760000 0.027538662983
4.765000 0.027250192996
4.770000 0.026960683219
4.775000 0.026670566888
4.780000 0.026379723842
4.785000 0.026088970151
4.790000 0.025798568941
4.795000 0.025508786011
4.800000 0.025220078772
4.805000 0.024932528632
4.810000 0.024646977535
4.815000 0.024363510176
4.820000 0.024082591394
4.825000 0.023804495019
4.830000 0.023529493207
4.835000 0.023258047981
4.840000 0.022990619550
4.845000 0.022727473035
4.850000 0.022468869496
4.855000 0.022215065548
4.860000 0.021966505603
4.865000 0.021723436416
4.870000 0.021486099161
4.875000 0.021254729237
4.880000 0.021029940838
4.885000 0.020811572263
4.890000 0.020600032840
4.895000 0.020395341453
4.900000 0.020198086724
4.905000 0.020008275475
4.910000 0.019826100910
4.915000 0.019651750889
4.920000 0.019485408274
4.925000 0.019327060921
4.930000 0.019177073900
4.935000 0.019035427853
4.940000 0.018902290994
4.945000 0.018777639659
4.950000 0.018661827466
4.955000 0.018554828013
4.960000 0.018456615131
4.965000 0.018367351847
4.970000 0.018287201687
4.975000 0.018215953119
4.980000 0.018153961361
4.985000 0.018101019791
4.990000 0.018057113083
4.995000 0.018022604619
5.000000 0.017997298174
5.005000 0.017981189280
5.010000 0.017974277539
5.015000 0.017976754399
5.020000 0.017988440249
5.025000 0.018009347214
5.030000 0.018039491443
5.035000 0.018079081117
5.040000 0.018127763784
5.045000 0.018185565932
5.050000 0.018252705752
5.055000 0.018328837931
5.060000 0.018414185125
5.065000 0.018508593588
5.070000 0.018611909578
5.075000 0.018724168871
5.080000 0.018845407235
5.085000 0.018975278289
5.090000 0.019113814114
5.095000 0.019260853609
5.100000 0.019416423784
5.105000 0.019580164696
5.110000 0.019752095169
5.115000 0.019932037526
5.120000 0.020119808580
5.125000 0.020315219287
5.130000 0.020518267770
5.135000 0.020728366131
5.140000 0.020945499373
5.145000 0.021169259081
5.150000 0.021399811371
5.155000 0.021636540839
5.160000 0.021879212973
5.165000 0.022127587123
5.170000 0.022381416719
5.175000 0.022640255819
5.180000 0.022903847283
5.185000 0.023171929269
5.190000 0.023444235644
5.195000 0.023720303621
5.200000 0.023999668372
5.205000 0.024282056066
5.210000 0.024567191097
5.215000 0.024854605512
5.220000 0.025144213915
5.225000 0.025435168842
5.230000 0.025727388035
5.235000 0.026020411039
5.240000 0.026313970189
5.245000 0.026607800619
5.250000 0.026901081661
5.255000 0.027193933852
5.260000 0.027485921808
5.265000 0.027776516231
5.270000 0.028065238879
5.275000 0.028351723890
5.280000 0.028636116940
5.285000 0.028917663631
5.290000 0.029196164599
5.295000 0.029471427525
5.300000 0.029743090698
5.305000 0.030011154727
5.310000 0.030274925830
5.315000 0.030534423385
5.320000 0.030789325342
5.325000 0.031039492034
5.330000 0.031284790611
5.335000 0.031524926146
5.340000 0.031759614542
5.345000 0.031988748661
5.350000 0.032212227099
5.355000 0.032429953851
5.360000 0.032641674772
5.365000 0.032847306755
5.370000 0.033046770896
5.375000 0.033239992097
5.380000 0.033426580523
5.385000 0.033606789434
5.390000 0.033780395356
5.395000 0.033947493032
5.400000 0.034107709186
5.405000 0.034261142022
5.410000 0.034407733231
5.415000 0.034547424657
5.420000 0.034680157842
5.425000 0.034806024906
5.430000 0.034924812728
5.435000 0.035036609323
5.440000 0.035141348777
5.445000 0.035239111631
5.450000 0.035329677027
5.455000 0.035413118600
5.460000 0.035489504504
5.465000 0.035558750525
5.470000 0.035620768407
5.475000 0.035675757715
5.480000 0.035723473228
5.485000 0.035764102690
5.490000 0.035797681302
5.495000 0.035823947716
5.500000 0.035843070781
5.505000 0.035855067421
5.510000 0.035859948237
5.515000 0.035857572496
5.520000 0.035848083047
5.525000 0.035831471421
5.530000 0.035807722851
5.535000 0.035776670812
5.540000 0.035738578701
5.545000 0.035693413636
5.550000 0.035640990485
5.555000 0.035581556611
5.560000 0.035514915318
5.565000 0.035441157402
5.570000 0.035360369699
5.575000 0.035272487106
5.580000 0.035177439237
5.585000 0.035075449585
5.590000 0.034966441157
5.595000 0.034850483160
5.600000 0.034727491530
5.605000 0.034597682472
5.610000 0.034460968174
5.615000 0.034317411030
5.620000 0.034167073281
5.625000 0.034010017469
5.630000 0.033846150546
5.635000 0.033675848757
5.640000 0.033499022791
5.645000 0.033315899970
5.650000 0.033126233810
5.655000 0.032930417202
5.660000 0.032728530245
5.665000 0.032520656922
5.670000 0.032306885500
5.675000 0.032087474030
5.680000 0.031862523612
5.685000 0.031632140761
5.690000 0.031396437725
5.695000 0.031155702096
5.700000 0.030910231982
5.705000 0.030660164823
5.710000 0.030405644776
5.715000 0.030146996323
5.720000 0.029884206109
5.725000 0.029617965619
5.730000 0.029348279598
5.735000 0.029075510595
5.740000 0.028799853556
5.745000 0.028521510186
5.750000 0.028241229063
5.755000 0.027958870816
5.760000 0.027674880366
5.765000 0.027389611139
5.770000 0.027103385048
5.775000 0.026816631965
5.780000 0.026529234738
5.785000 0.026242000990
5.790000 0.025955191632
5.795000 0.025669069995
5.800000 0.025384088235
5.805000 0.025100327147
5.810000 0.024818617483
5.815000 0.024539042523
5.820000 0.024262060130
5.825000 0.023987939449
5.830000 0.023716947665
5.835000 0.023449538601
5.840000 0.023186163743
5.845000 0.022927082028
5.850000 0.022672548064
5.855000 0.022422811746
5.860000 0.022178307278
5.865000 0.021939274022
5.870000 0.021705945530
5.875000 0.021478549364
5.880000 0.021257684744
5.885000 0.021043188458
5.890000 0.020835457872
5.895000 0.020634506801
5.900000 0.020440907848
5.905000 0.020254662493
5.910000 0.020075954946
5.915000 0.019904964017
5.920000 0.019741863497
5.925000 0.019586636070
5.930000 0.019439633936
5.935000 0.019300832722
5.940000 0.019170391837
5.945000 0.019048282970
5.950000 0.018934847182
5.955000 0.018830053773
5.960000 0.018733872583
5.965000 0.018646458792
5.970000 0.018567968309
5.975000 0.018498190665
5.980000 0.018437469895
5.985000 0.018385601147
5.990000 0.018342567051
5.995000 0.018308720803
6.000000 0.018283869117
6.005000 0.018268006623
6.010000 0.018261132420
6.015000 0.018263433592
6.020000 0.018274735104
6.025000 0.018295049789
6.030000 0.018324394906
6.035000 0.018362975913
6.040000 0.018410450728
6.045000 0.018466848082
6.050000 0.018532384604
6.055000 0.018606726325
6.060000 0.018690095040
6.065000 0.018782344782
6.070000 0.018883329806
6.075000 0.018993090045
6.080000 0.019111665725
6.085000 0.019238723119
6.090000 0.019374299098
6.095000 0.019518241467
6.100000 0.019670582376
6.105000 0.019830974804
6.110000 0.019999442849
6.115000 0.020175817972
6.120000 0.020359926079
6.125000 0.020551587162
6.130000 0.020750804757
6.135000 0.020957006915
6.140000 0.021170183758
6.145000 0.021389938782
6.150000 0.021616439695
6.155000 0.021849085947
6.160000 0.022087650829
6.165000 0.022331901270
6.170000 0.022581598041
6.175000 0.022836305296
6.180000 0.023095772544
6.185000 0.023359744320
6.190000 0.023627960594
6.195000 0.023899967157
6.200000 0.024175307225
6.205000 0.024453711836
6.210000 0.024734909968
6.215000 0.025018440470
6.220000 0.025304219308
6.225000 0.025591409909
6.230000 0.025879930568
6.235000 0.026169325900
6.240000 0.026459330583
6.245000 0.026749681838
6.250000 0.027039567127
6.255000 0.027329103977
6.260000 0.027617860176
6.265000 0.027905309156
6.270000 0.028190974976
6.275000 0.028474493671
6.280000 0.028756007095
6.285000 0.029034765894
6.290000 0.029310569962
6.295000 0.029583226097
6.300000 0.029852373156
6.305000 0.030118008942
6.310000 0.030379442914
6.315000 0.030636691273
6.320000 0.030889431706
6.325000 0.031137522688
6.330000 0.031380829460
6.335000 0.031619056431
6.340000 0.031851918661
6.345000 0.032079306790
6.350000 0.032301117192
6.355000 0.032517251640
6.360000 0.032727454898
6.365000 0.032931641575
6.370000 0.033129730516
6.375000 0.033321644410
6.380000 0.033506993248
6.385000 0.033686026064
6.390000 0.033858518272
6.395000 0.034024561610
6.400000 0.034183782669
6.405000 0.034336276771
6.410000 0.034481983752
6.415000 0.034620843679
6.420000 0.034752796405
6.425000 0.034877931642
6.430000 0.034996035601
6.435000 0.035107194104
6.440000 0.035211339962
6.445000 0.035308551791
6.450000 0.035398608431
6.455000 0.035481581814
6.460000 0.035557538546
6.465000 0.035626393711
6.470000 0.035688058458
6.475000 0.035742730488
6.480000 0.035790164932
6.485000 0.035830547942
6.490000 0.035863913954
6.495000 0.035890002331
6.500000 0.035908980732
6.505000 0.035920865707
6.510000 0.035925667605
6.515000 0.035923246239
6.520000 0.035913743807
6.525000 0.035897151975
6.530000 0.035873456246
6.535000 0.035842491162
6.540000 0.035804519304
6.545000 0.035759508436
6.550000 0.035707274885
6.555000 0.035648065548
6.560000 0.035581685447
6.565000 0.035508225840
6.570000 0.035427774128
6.575000 0.035340266600
6.580000 0.035245634400
6.585000 0.035144101186
6.590000 0.035035591705
6.595000 0.034920176265
6.600000 0.034797772785
6.605000 0.034668597977
6.610000 0.034532566207
6.615000 0.034389741350
6.620000 0.034240187204
6.625000 0.034083967939
6.630000 0.033920993116
6.635000 0.033751638947
6.640000 0.033575818832
6.645000 0.033393760993
6.650000 0.033205222811
6.655000 0.033010597173
6.660000 0.032809966113
6.665000 0.032603415586
6.670000 0.032391035852
6.675000 0.032173085829
6.680000 0.031949668546
6.685000 0.031720892451
6.690000 0.031486871718
6.695000 0.031247894569
6.700000 0.031004259571
6.705000 0.030756105800
6.710000 0.030503579000
6.715000 0.030247003745
6.720000 0.029986369505
6.725000 0.029722364583
6.730000 0.029454996211
6.735000 0.029184626268
6.740000 0.028911450396
6.745000 0.028635670862
6.750000 0.028358031435
6.755000 0.028078396184
6.760000 0.027797208163
6.765000 0.027514818562
6.770000 0.027231546675
6.775000 0.026947819355
6.780000 0.026663522157
6.785000 0.026379455117
6.790000 0.026095877164
6.795000 0.025813049410
6.800000 0.025531419296
6.805000 0.025251067067
6.810000 0.024972813424
6.815000 0.024696740373
6.820000 0.024423299515
6.825000 0.024152755783
6.830000 0.023885371895
6.835000 0.023621594309
6.840000 0.023361866670
6.845000 0.023106442361
6.850000 0.022855570186
6.855000 0.022609494005
6.860000 0.022368638843
6.865000 0.022133237417
6.870000 0.021903516428
6.875000 0.021679696393
6.880000 0.021462363068
6.885000 0.021251351883
6.890000 0.021047049446
6.895000 0.020849465015
6.900000 0.020659156791
6.905000 0.020476121445
6.910000 0.020300535100
6.915000 0.020132568429
6.920000 0.019972387059
6.925000 0.019819969024
6.930000 0.019675654947
6.935000 0.019539415941
6.940000 0.019411403496
6.945000 0.019291585115
6.950000 0.019180290564
6.955000 0.019077485275
6.960000 0.018983135491
6.965000 0.018897389332
6.970000 0.018820395853
6.975000 0.018751945531
6.980000 0.018692372342
6.985000 0.018641473018
6.990000 0.018599228341
6.995000 0.018565982347
7.000000 0.018541544380
7.005000 0.018525908253
7.010000 0.018519072607
7.015000 0.018521220595
7.020000 0.018532181286
7.025000 0.018551968146
7.030000 0.018580599422
7.035000 0.018618278121
7.040000 0.018664671475
7.045000 0.018719810224
7.050000 0.018783909590
7.055000 0.018856645794
7.060000 0.018938239855
7.065000 0.019028552792
7.070000 0.019127446046
7.075000 0.019234963285
7.080000 0.019351148734
7.085000 0.019475680044
7.090000 0.019608598387
7.095000 0.019749759575
7.100000 0.019899200376
7.105000 0.020056585384
7.110000 0.020221943438
7.115000 0.020395114211
7.120000 0.020575931789
7.125000 0.020764224283
7.130000 0.020960000097
7.135000 0.021162701625
7.140000 0.021372323590
7.145000 0.021588480201
7.150000 0.021811340595
7.155000 0.022040317583
7.160000 0.022275191473
7.165000 0.022515736010
7.170000 0.022761718568
7.175000 0.023012712385
7.180000 0.023268472949
7.185000 0.023528750535
7.190000 0.023793290601
7.195000 0.024061646656
7.200000 0.024333369154
7.205000 0.024608193520
7.210000 0.024885852851
7.215000 0.025165892119
7.220000 0.025448228519
7.225000 0.025732035280
7.230000 0.026017231198
7.235000 0.026303365449
7.240000 0.026590174826
7.245000 0.026877398427
7.250000 0.027164231038
7.255000 0.027450787478
7.260000 0.027736638392
7.265000 0.028021259675
7.270000 0.028304177461
7.275000 0.028585029498
7.280000 0.028863954197
7.285000 0.029140206758
7.290000 0.029413586405
7.295000 0.029683899146
7.300000 0.029950784357
7.305000 0.030214237318
7.310000 0.030473570411
7.315000 0.030728796982
7.320000 0.030979594486
7.325000 0.031225819730
7.330000 0.031467336239
7.335000 0.031703847832
7.340000 0.031935068814
7.345000 0.032160887831
7.350000 0.032381199256
7.355000 0.032595902871
7.360000 0.032804742460
7.365000 0.033007630580
7.370000 0.033204484055
7.375000 0.033395223580
7.380000 0.033579459001
7.385000 0.033757435546
7.390000 0.033928927630
7.395000 0.034094024292
7.400000 0.034252352006
7.405000 0.034404003501
7.410000 0.034548916945
7.415000 0.034687030810
7.420000 0.034818283429
7.425000 0.034942762350
7.430000 0.035060253182
7.435000 0.035170839777
7.440000 0.035274453800
7.445000 0.035371172136
7.450000 0.035460773353
7.455000 0.035543327855
7.460000 0.035618900853
7.465000 0.035687406802
7.470000 0.035748756319
7.475000 0.035803145424
7.480000 0.035850329572
7.485000 0.035890493481
7.490000 0.035923670901
7.495000 0.035949601836
7.500000 0.035968452879
7.505000 0.035980240241
7.510000 0.035984974051
7.515000 0.035982514617
7.520000 0.035973003548
7.525000 0.035956432642
7.530000 0.035932787642
7.535000 0.035901904058
7.540000 0.035864043741
7.545000 0.035819175037
7.550000 0.035767115593
7.555000 0.035708111891
7.560000 0.035641970505
7.565000 0.035568783116
7.570000 0.035488637635
7.575000 0.035401471613
7.580000 0.035307217578
7.585000 0.035206099342
7.590000 0.035098043224
7.595000 0.034983120532
7.600000 0.034861250979
7.605000 0.034732651737
7.610000 0.034597239145
7.615000 0.034455078418
7.620000 0.034306234764
7.625000 0.034150773828
7.630000 0.033988607531
7.635000 0.033820112059
7.640000 0.033645203263
7.645000 0.033464110187
7.650000 0.033276593705
7.655000 0.033083046701
7.660000 0.032883552967
7.665000 0.032678200241
7.670000 0.032467080588
7.675000 0.032250453711
7.680000 0.032028424389
7.685000 0.031801102819
7.690000 0.031568604921
7.695000 0.031331219487
7.700000 0.031089245505
7.705000 0.030842823532
7.710000 0.030592100750
7.715000 0.030337401820
7.720000 0.030078718764
7.725000 0.029816737020
7.730000 0.029551466066
7.735000 0.029283267178
7.740000 0.029012336629
7.745000 0.028738877202
7.750000 0.028463628315
7.755000 0.028186457152
7.760000 0.027907805083
7.765000 0.027628021274
7.770000 0.027347422656
7.775000 0.027066433353
7.780000 0.026784941369
7.785000 0.026503739883
7.790000 0.026223086032
7.795000 0.025943238923
7.800000 0.025664641734
7.805000 0.025387374215
7.810000 0.025112247976
7.815000 0.024839343875
7.820000 0.024569107846
7.825000 0.024301801019
7.830000 0.024037682069
7.835000 0.023777190792
7.840000 0.023520763747
7.845000 0.023268649288
7.850000 0.023021090973
7.855000 0.022778327201
7.860000 0.022540774697
7.865000 0.022308660167
7.870000 0.022082204114
7.875000 0.021861620678
7.880000 0.021647483444
7.885000 0.021439626606
7.890000 0.021238427044
7.895000 0.021043889890
7.900000 0.020856560317
7.905000 0.020676430647
7.910000 0.020503669682
7.915000 0.020338440734
7.920000 0.020180902046
7.925000 0.020031027440
7.930000 0.019889147065
7.935000 0.019755227950
7.940000 0.019629414416
7.945000 0.019511670181
7.950000 0.019402314789
7.955000 0.019301310168
7.960000 0.019208619307
7.965000 0.019124383934
7.970000 0.019048746903
7.975000 0.018981499542
7.980000 0.018922966726
7.985000 0.018872946613
7.990000 0.018831418315
7.995000 0.018798717572
8.000000 0.018774656109
8.005000 0.018759226994
8.010000 0.018752428452
8.015000 0.018754440074
8.020000 0.018765094642
8.025000 0.018784406187
8.030000 0.018812393850
8.035000 0.018849258414
8.040000 0.018894675536
8.045000 0.018948677772
8.050000 0.019011479066
8.055000 0.019082764856
8.060000 0.019162755453
8.065000 0.019251318197
8.070000 0.019348321027
8.075000 0.019453810986
8.080000 0.019567835916
8.085000 0.019690083759
8.090000 0.019820599577
8.095000 0.019959246423
8.100000 0.020106065240
8.105000 0.020260731130
8.110000 0.020423277221
8.115000 0.020593550614
8.120000 0.020771392793
8.125000 0.020956639215
8.130000 0.021149302686
8.135000 0.021348838578
8.140000 0.021555245774
8.145000 0.021768148178
8.150000 0.021987716218
8.155000 0.022213374792
8.160000 0.022444910559
8.165000 0.022682103433
8.170000 0.022924726759
8.175000 0.023172361996
8.180000 0.023424770044
8.185000 0.023681706370
8.190000 0.023942921398
8.195000 0.024207975624
8.200000 0.024476426052
8.205000 0.024748012074
8.210000 0.025022470518
8.215000 0.025299351900
8.220000 0.025578574524
8.225000 0.025859320493
8.230000 0.026141509057
8.235000 0.026424693521
8.240000 0.026708612594
8.245000 0.026993007074
8.250000 0.027277078377
8.255000 0.027560938872
8.260000 0.027844161795
8.265000 0.028126225266
8.270000 0.028406657304
8.275000 0.028685097206
8.280000 0.028961680273
8.285000 0.029235665823
8.290000 0.029506852482
8.295000 0.029775045542
8.300000 0.030039884852
8.305000 0.030301363409
8.310000 0.030558796244
8.315000 0.030812194121
8.320000 0.031061234288
8.325000 0.031305772044
8.330000 0.031545669363
8.335000 0.031780629532
8.340000 0.032010366175
8.345000 0.032234766134
8.350000 0.032453721977
8.355000 0.032667131681
8.360000 0.032874738147
8.365000 0.033076452077
8.370000 0.033272188464
8.375000 0.033461866205
8.380000 0.033645095014
8.385000 0.033822116676
8.390000 0.033992704703
8.395000 0.034156945691
8.400000 0.034314466011
8.405000 0.034465356047
8.410000 0.034609552456
8.415000 0.034746992269
8.420000 0.034877612446
8.425000 0.035001498574
8.430000 0.035118435719
8.435000 0.035228505951
8.440000 0.035331639900
8.445000 0.035427912882
8.450000 0.035517103222
8.455000 0.035599279942
8.460000 0.035674506990
8.465000 0.035742698253
8.470000 0.035803763867
8.475000 0.035857898333
8.480000 0.035904857399
8.485000 0.035944824483
8.490000 0.035977832719
8.495000 0.036003622692
8.500000 0.036022360030
8.505000 0.036034060639
8.510000 0.036038734450
8.515000 0.036036242219
8.520000 0.036026725028
8.525000 0.036010174790
8.530000 0.035986577472
8.535000 0.035955769461
8.540000 0.035918011947
8.545000 0.035873273807
8.550000 0.035821373886
8.555000 0.035762558291
8.560000 0.035696635006
8.565000 0.035623696094
8.570000 0.035543829935
8.575000 0.035456975222
8.580000 0.035363065742
8.585000 0.035262325447
8.590000 0.035154682086
8.595000 0.035040207873
8.600000 0.034918824151
8.605000 0.034790748512
8.610000 0.034655899085
8.615000 0.034514342304
8.620000 0.034366144657
8.625000 0.034211373130
8.630000 0.034049941785
8.635000 0.033882226788
8.640000 0.033708146218
8.645000 0.033527929861
8.650000 0.033341341765
8.655000 0.033148774817
8.660000 0.032950314400
8.665000 0.032746049873
8.670000 0.032536074944
8.675000 0.032320650029
8.680000 0.032099881497
8.685000 0.031873881133
8.690000 0.031642766444
8.695000 0.031406826742
8.700000 0.031166361398
8.705000 0.030921512316
8.710000 0.030672427985
8.715000 0.030419433144
8.720000 0.030162522138
8.725000 0.029902377801
8.730000 0.029639011654
8.735000 0.029372784430
8.740000 0.029103892973
8.745000 0.028832540535
8.750000 0.028559462588
8.755000 0.028284529148
8.760000 0.028008180050
8.765000 0.027730762633
8.770000 0.027452591679
8.775000 0.027174088838
8.780000 0.026895144338
8.785000 0.026616545136
8.790000 0.026338546740
8.795000 0.026061406440
8.800000 0.025785563547
8.805000 0.025511097360
8.810000 0.025238811238
8.815000 0.024968784996
8.820000 0.024701459429
8.825000 0.024437092208
8.830000 0.024175938343
8.835000 0.023918431583
8.840000 0.023665002051
8.845000 0.023415893538
8.850000 0.023171344840
8.855000 0.022931589397
8.860000 0.022697036400
8.865000 0.022467907095
8.870000 0.022244416360
8.875000 0.022026772547
8.880000 0.021815538187
8.885000 0.021610546353
8.890000 0.021412165092
8.895000 0.021220395790
8.900000 0.021035771792
8.905000 0.020858281467
8.910000 0.020688086974
8.915000 0.020525344939
8.920000 0.020370206897
8.925000 0.020222642847
8.930000 0.020082973428
8.935000 0.019951161958
8.940000 0.019827346249
8.945000 0.019711486578
8.950000 0.019603893208
8.955000 0.019504524886
8.960000 0.019413341641
8.965000 0.019330479399
8.970000 0.019256075379
8.975000 0.019189921680
8.980000 0.019132334912
8.985000 0.019083114527
8.990000 0.019042238117
8.995000 0.019010033889
9.000000 0.018986315727
9.005000 0.018971076020
9.010000 0.018964312612
9.015000 0.018966201860
9.020000 0.018976579911
9.025000 0.018995461313
9.030000 0.019022866012
9.035000 0.019058992770
9.040000 0.019103524894
9.045000 0.019156496586
9.050000 0.019218120625
9.055000 0.019288090818
9.060000 0.019366626833
9.065000 0.019453601744
9.070000 0.019548889391
9.075000 0.019652539878
9.080000 0.019764604331
9.085000 0.019884780036
9.090000 0.020013115583
9.095000 0.020149480600
9.100000 0.020293919819
9.105000 0.020446117885
9.110000 0.020606111817
9.115000 0.020773755459
9.120000 0.020948897012
9.125000 0.021131378606
9.130000 0.021321217040
9.135000 0.021517879471
9.140000 0.021721368560
9.145000 0.021931317014
9.150000 0.022147896430
9.155000 0.022370542686
9.160000 0.022599048207
9.165000 0.022833198505
9.170000 0.023072772352
9.175000 0.023317358670
9.180000 0.023566723275
9.185000 0.023820626348
9.190000 0.024078822825
9.195000 0.024340879543
9.200000 0.024606359460
9.205000 0.024875005568
9.210000 0.025146558087
9.215000 0.025420572564
9.220000 0.025696968315
9.225000 0.025974935500
9.230000 0.026254393784
9.235000 0.026534900222
9.240000 0.026816195264
9.245000 0.027098021253
9.250000 0.027379585628
9.255000 0.027660998534
9.260000 0.027941835560
9.265000 0.028221576852
9.270000 0.028499752139
9.275000 0.028776002127
9.280000 0.029050459293
9.285000 0.029322386699
9.290000 0.029591582426
9.295000 0.029857851121
9.300000 0.030120833060
9.305000 0.030380519171
9.310000 0.030636226892
9.315000 0.030887964643
9.320000 0.031135409486
9.325000 0.031378415350
9.330000 0.031616842803
9.335000 0.031850394652
9.340000 0.032078783901
9.345000 0.032301895758
9.350000 0.032519621149
9.355000 0.032731856415
9.360000 0.032938343657
9.365000 0.033138991893
9.370000 0.033333714454
9.375000 0.033522428605
9.380000 0.033704743941
9.385000 0.033880899119
9.390000 0.034050666835
9.395000 0.034214131465
9.400000 0.034370919289
9.405000 0.034521118560
9.410000 0.034664664566
9.415000 0.034801493028
9.420000 0.034931539658
9.425000 0.035054888264
9.430000 0.035171323422
9.435000 0.035280925581
9.440000 0.035383624433
9.445000 0.035479493868
9.450000 0.035568311993
9.455000 0.035650146573
9.460000 0.035725060411
9.465000 0.035792966879
9.470000 0.035853775675
9.475000 0.035907679922
9.480000 0.035954435634
9.485000 0.035994225052
9.490000 0.036027080747
9.495000 0.036052743836
9.500000 0.036071379068
9.505000 0.036083002075
9.510000 0.036087622608
9.515000 0.036085101834
9.520000 0.036075580353
9.525000 0.036059050186
9.530000 0.036035497505
9.535000 0.036004759495
9.540000 0.035967096746
9.545000 0.035922478620
9.550000 0.035870725052
9.555000 0.035812081809
9.560000 0.035746358159
9.565000 0.035673646514
9.570000 0.035594035680
9.575000 0.035507465394
9.580000 0.035413870587
9.585000 0.035313475339
9.590000 0.035206208702
9.595000 0.035092143717
9.600000 0.034971203211
9.605000 0.034843605157
9.610000 0.034709269318
9.615000 0.034568263235
9.620000 0.034420654565
9.625000 0.034266511513
9.630000 0.034105750093
9.635000 0.033938746454
9.640000 0.033765420702
9.645000 0.033586003301
9.650000 0.033400261191
9.655000 0.033208587259
9.660000 0.033011068342
9.665000 0.032807795275
9.670000 0.032598863261
9.675000 0.032384533368
9.680000 0.032164913412
9.685000 0.031940116628
9.690000 0.031710261965
9.695000 0.031475639213
9.700000 0.031236548092
9.705000 0.030993131734
9.710000 0.030745539818
9.715000 0.030494097159
9.720000 0.030238800213
9.725000 0.029980329450
9.730000 0.029718698248
9.735000 0.029454266848
9.740000 0.029187232617
9.745000 0.028917799235
9.750000 0.028646698583
9.755000 0.028373803252
9.760000 0.028099551687
9.765000 0.027824289561
9.770000 0.027548329702
9.775000 0.027272091508
9.780000 0.026995467233
9.785000 0.026719238168
9.790000 0.026443658344
9.795000 0.026168983395
9.800000 0.025895649110
9.805000 0.025623734377
9.810000 0.025354035049
9.815000 0.025086629988
9.820000 0.024821955309
9.825000 0.024560265538
9.830000 0.024301812346
9.835000 0.024047023977
9.840000 0.023796324693
9.845000 0.023549954132
9.850000 0.023308146752
9.855000 0.023071131481
9.860000 0.022839310646
9.865000 0.022612900525
9.870000 0.022392110870
9.875000 0.022177144765
9.880000 0.021968554674
9.885000 0.021766172650
9.890000 0.021570358695
9.895000 0.021381110785
9.900000 0.021198951491
9.905000 0.021023865586
9.910000 0.020856009175
9.915000 0.020695532795
9.920000 0.020542581875
9.925000 0.020397122930
9.930000 0.020259467937
9.935000 0.020129576833
9.940000 0.020007581504
9.945000 0.019893439091
9.950000 0.019787451404
9.955000 0.019689574291
9.960000 0.019599765085
9.965000 0.019518154427
9.970000 0.019444874403
9.975000 0.019379717814
9.980000 0.019322993737
9.985000 0.019274502806
9.990000 0.019234221223
9.995000 0.019202470337
10.000000 0.019179065992
10.005000 0.019163999961
10.010000 0.019157269738
